Apr 28, 2026  11:50:06 AM
Residual Gas Analyzer Software 
Software Version, 3.214.004

Analog Scan Setup:

Data Points in Scan, 791 
Units, Torr 
Noise Floor, 2 
CEM Status, OFF 
Points Per AMU, 10
Scan Start Mass, 1, amu 
Scan Stop Mass, 80, amu
Focus Voltage, 90, Volts 
Ion Energy, HIGH 
Electron Energy, 70, eV 
CEM Voltage, 1000, Volts
CEM Gain, 1.00E+006 
Sensitivity Factor, 1.56E-004 
Filament Current, 1.00, mAmps


  1.00,   6.96E-009, 
  1.10,   9.60E-009, 
  1.20,   2.84E-008, 
  1.30,   1.33E-007, 
  1.40,   5.53E-008, 
  1.50,   4.26E-008, 
  1.60,   4.77E-008, 
  1.70,   1.03E-007, 
  1.80,   2.17E-007, 
  1.90,   2.76E-007, 
  2.00,   3.22E-007, 
  2.10,   3.57E-007, 
  2.20,   3.05E-007, 
  2.30,   1.89E-007, 
  2.40,   3.06E-008, 
  2.50,   8.19E-009, 
  2.60,   2.82E-009, 
  2.70,   8.92E-010, 
  2.80,   3.23E-010, 
  2.90,   2.45E-010, 
  3.00,   4.64E-010, 
  3.10,   7.44E-010, 
  3.20,   7.61E-010, 
  3.30,   4.29E-010, 
  3.40,  -2.70E-010, 
  3.50,  -1.09E-009, 
  3.60,  -1.40E-009, 
  3.70,  -1.52E-009, 
  3.80,  -1.60E-009, 
  3.90,  -1.64E-009, 
  4.00,  -1.67E-009, 
  4.10,  -1.68E-009, 
  4.20,  -1.59E-009, 
  4.30,  -1.54E-009, 
  4.40,  -1.47E-009, 
  4.50,  -1.38E-009, 
  4.60,  -1.31E-009, 
  4.70,  -1.19E-009, 
  4.80,  -1.09E-009, 
  4.90,  -9.83E-010, 
  5.00,  -9.02E-010, 
  5.10,  -8.32E-010, 
  5.20,  -7.90E-010, 
  5.30,  -7.61E-010, 
  5.40,  -7.75E-010, 
  5.50,  -7.93E-010, 
  5.60,  -7.99E-010, 
  5.70,  -3.75E-010, 
  5.80,  -4.06E-010, 
  5.90,  -4.32E-010, 
  6.00,  -7.06E-010, 
  6.10,  -7.33E-010, 
  6.20,  -3.43E-010, 
  6.30,  -4.20E-010, 
  6.40,  -4.82E-010, 
  6.50,  -4.42E-010, 
  6.60,  -7.31E-010, 
  6.70,  -8.12E-010, 
  6.80,  -7.77E-010, 
  6.90,  -4.36E-010, 
  7.00,  -4.16E-010, 
  7.10,  -3.95E-010, 
  7.20,  -3.80E-010, 
  7.30,  -4.70E-010, 
  7.40,  -5.27E-010, 
  7.50,  -5.17E-010, 
  7.60,  -5.04E-010, 
  7.70,  -4.62E-010, 
  7.80,  -4.24E-010, 
  7.90,  -4.11E-010, 
  8.00,  -4.09E-010, 
  8.10,  -4.10E-010, 
  8.20,  -4.67E-010, 
  8.30,  -3.80E-010, 
  8.40,  -3.99E-010, 
  8.50,  -3.74E-010, 
  8.60,  -3.48E-010, 
  8.70,  -3.34E-010, 
  8.80,  -3.84E-010, 
  8.90,  -3.45E-010, 
  9.00,  -3.93E-010, 
  9.10,  -3.97E-010, 
  9.20,  -3.67E-010, 
  9.30,  -3.92E-010, 
  9.40,  -3.43E-010, 
  9.50,  -4.15E-010, 
  9.60,  -3.91E-010, 
  9.70,  -3.77E-010, 
  9.80,  -3.59E-010, 
  9.90,  -3.50E-010, 
 10.00,  -2.77E-010, 
 10.10,  -3.43E-010, 
 10.20,  -2.51E-010, 
 10.30,  -2.81E-010, 
 10.40,  -3.50E-010, 
 10.50,  -3.77E-010, 
 10.60,  -3.70E-010, 
 10.70,  -2.42E-010, 
 10.80,  -1.48E-010, 
 10.90,  -2.38E-011, 
 11.00,   1.63E-010, 
 11.10,   4.78E-010, 
 11.20,   1.05E-009, 
 11.30,   2.21E-009, 
 11.40,   5.49E-009, 
 11.50,   1.82E-008, 
 11.60,   1.41E-007, 
 11.70,   2.74E-007, 
 11.80,   3.10E-007, 
 11.90,   3.69E-007, 
 12.00,   3.72E-007, 
 12.10,   3.38E-007, 
 12.20,   1.89E-007, 
 12.30,   3.11E-008, 
 12.40,   2.13E-008, 
 12.50,   4.63E-008, 
 12.60,   2.95E-007, 
 12.70,   5.37E-007, 
 12.80,   6.04E-007, 
 12.90,   7.31E-007, 
 13.00,   7.34E-007, 
 13.10,   6.63E-007, 
 13.20,   3.50E-007, 
 13.30,   4.39E-008, 
 13.40,   3.51E-008, 
 13.50,   1.11E-007, 
 13.60,   6.34E-007, 
 13.70,   1.09E-006, 
 13.80,   1.18E-006, 
 13.90,   1.40E-006, 
 14.00,   1.40E-006, 
 14.10,   1.30E-006, 
 14.20,   6.50E-007, 
 14.30,   8.38E-008, 
 14.40,   1.46E-007, 
 14.50,   4.64E-007, 
 14.60,   2.39E-006, 
 14.70,   4.73E-006, 
 14.80,   5.10E-006, 
 14.90,   5.84E-006, 
 15.00,   6.09E-006, 
 15.10,   5.68E-006, 
 15.20,   3.19E-006, 
 15.30,   1.41E-007, 
 15.40,   3.08E-008, 
 15.50,   2.80E-008, 
 15.60,   1.22E-007, 
 15.70,   2.42E-007, 
 15.80,   2.67E-007, 
 15.90,   3.03E-007, 
 16.00,   3.03E-007, 
 16.10,   2.83E-007, 
 16.20,   1.52E-007, 
 16.30,   2.72E-008, 
 16.40,   1.59E-008, 
 16.50,   3.06E-008, 
 16.60,   1.90E-007, 
 16.70,   3.27E-007, 
 16.80,   3.43E-007, 
 16.90,   3.93E-007, 
 17.00,   3.84E-007, 
 17.10,   3.87E-007, 
 17.20,   1.99E-007, 
 17.30,   6.66E-008, 
 17.40,   9.86E-008, 
 17.50,   2.38E-007, 
 17.60,   1.00E-006, 
 17.70,   1.53E-006, 
 17.80,   1.55E-006, 
 17.90,   1.79E-006, 
 18.00,   1.67E-006, 
 18.10,   1.62E-006, 
 18.20,   6.29E-007, 
 18.30,   4.62E-008, 
 18.40,   2.64E-008, 
 18.50,   2.85E-008, 
 18.60,   7.24E-008, 
 18.70,   1.18E-007, 
 18.80,   1.24E-007, 
 18.90,   1.44E-007, 
 19.00,   1.45E-007, 
 19.10,   1.75E-007, 
 19.20,   1.25E-007, 
 19.30,   7.69E-008, 
 19.40,   8.57E-008, 
 19.50,   9.03E-008, 
 19.60,   1.24E-007, 
 19.70,   1.07E-007, 
 19.80,   7.77E-008, 
 19.90,   8.65E-008, 
 20.00,   8.33E-008, 
 20.10,   8.17E-008, 
 20.20,   4.69E-008, 
 20.30,   1.50E-008, 
 20.40,   8.02E-009, 
 20.50,   5.88E-009, 
 20.60,   5.13E-009, 
 20.70,   4.53E-009, 
 20.80,   3.35E-009, 
 20.90,   2.75E-009, 
 21.00,   2.52E-009, 
 21.10,   2.27E-009, 
 21.20,   1.74E-009, 
 21.30,   9.56E-010, 
 21.40,   5.57E-010, 
 21.50,   4.19E-010, 
 21.60,   5.64E-010, 
 21.70,   9.07E-010, 
 21.80,   1.18E-009, 
 21.90,   1.33E-009, 
 22.00,   1.47E-009, 
 22.10,   1.49E-009, 
 22.20,   1.21E-009, 
 22.30,   6.52E-010, 
 22.40,   2.47E-010, 
 22.50,   8.23E-011, 
 22.60,   3.47E-011, 
 22.70,   2.38E-011, 
 22.80,   1.67E-011, 
 22.90,  -3.53E-011, 
 23.00,   4.05E-011, 
 23.10,   1.11E-010, 
 23.20,   4.21E-010, 
 23.30,   7.56E-010, 
 23.40,   1.60E-009, 
 23.50,   4.39E-009, 
 23.60,   1.83E-008, 
 23.70,   3.95E-008, 
 23.80,   4.85E-008, 
 23.90,   5.49E-008, 
 24.00,   5.24E-008, 
 24.10,   4.97E-008, 
 24.20,   2.61E-008, 
 24.30,   1.20E-008, 
 24.40,   1.12E-008, 
 24.50,   2.31E-008, 
 24.60,   1.20E-007, 
 24.70,   2.03E-007, 
 24.80,   2.19E-007, 
 24.90,   2.40E-007, 
 25.00,   2.22E-007, 
 25.10,   2.09E-007, 
 25.20,   7.76E-008, 
 25.30,   2.88E-008, 
 25.40,   4.53E-008, 
 25.50,   1.56E-007, 
 25.60,   6.57E-007, 
 25.70,   9.79E-007, 
 25.80,   1.04E-006, 
 25.90,   1.17E-006, 
 26.00,   1.05E-006, 
 26.10,   9.89E-007, 
 26.20,   3.09E-007, 
 26.30,   6.03E-008, 
 26.40,   1.07E-007, 
 26.50,   3.07E-007, 
 26.60,   1.33E-006, 
 26.70,   2.19E-006, 
 26.80,   2.40E-006, 
 26.90,   2.74E-006, 
 27.00,   2.50E-006, 
 27.10,   2.38E-006, 
 27.20,   8.02E-007, 
 27.30,   3.31E-007, 
 27.40,   7.91E-007, 
 27.50,   2.57E-006, 
 27.60,   9.43E-006, 
 27.70,   1.34E-005, 
 27.80,   1.43E-005, 
 27.90,   1.58E-005, 
 28.00,   1.44E-005, 
 28.10,   1.23E-005, 
 28.20,   2.03E-006, 
 28.30,   9.65E-008, 
 28.40,   7.79E-008, 
 28.50,   2.09E-007, 
 28.60,   8.60E-007, 
 28.70,   1.40E-006, 
 28.80,   1.56E-006, 
 28.90,   1.74E-006, 
 29.00,   1.60E-006, 
 29.10,   1.41E-006, 
 29.20,   3.93E-007, 
 29.30,   3.33E-008, 
 29.40,   1.47E-008, 
 29.50,   1.60E-008, 
 29.60,   5.66E-008, 
 29.70,   1.09E-007, 
 29.80,   1.23E-007, 
 29.90,   1.40E-007, 
 30.00,   1.31E-007, 
 30.10,   1.16E-007, 
 30.20,   4.46E-008, 
 30.30,   1.48E-008, 
 30.40,   1.12E-008, 
 30.50,   1.88E-008, 
 30.60,   9.01E-008, 
 30.70,   1.66E-007, 
 30.80,   1.84E-007, 
 30.90,   2.07E-007, 
 31.00,   1.98E-007, 
 31.10,   1.80E-007, 
 31.20,   7.40E-008, 
 31.30,   5.77E-008, 
 31.40,   1.32E-007, 
 31.50,   4.91E-007, 
 31.60,   1.59E-006, 
 31.70,   1.96E-006, 
 31.80,   2.19E-006, 
 31.90,   2.23E-006, 
 32.00,   2.17E-006, 
 32.10,   1.41E-006, 
 32.20,   1.65E-007, 
 32.30,   2.07E-008, 
 32.40,   9.27E-009, 
 32.50,   5.37E-009, 
 32.60,   4.42E-009, 
 32.70,   5.03E-009, 
 32.80,   5.39E-009, 
 32.90,   5.90E-009, 
 33.00,   6.08E-009, 
 33.10,   6.07E-009, 
 33.20,   4.31E-009, 
 33.30,   2.33E-009, 
 33.40,   1.54E-009, 
 33.50,   1.56E-009, 
 33.60,   3.25E-009, 
 33.70,   6.02E-009, 
 33.80,   8.58E-009, 
 33.90,   1.20E-008, 
 34.00,   1.57E-008, 
 34.10,   1.99E-008, 
 34.20,   2.56E-008, 
 34.30,   4.75E-008, 
 34.40,   1.18E-007, 
 34.50,   4.95E-007, 
 34.60,   1.12E-006, 
 34.70,   1.32E-006, 
 34.80,   1.52E-006, 
 34.90,   1.47E-006, 
 35.00,   1.42E-006, 
 35.10,   6.42E-007, 
 35.20,   9.10E-008, 
 35.30,   1.14E-007, 
 35.40,   2.57E-007, 
 35.50,   1.10E-006, 
 35.60,   2.75E-006, 
 35.70,   3.14E-006, 
 35.80,   3.66E-006, 
 35.90,   3.53E-006, 
 36.00,   3.57E-006, 
 36.10,   1.70E-006, 
 36.20,   1.19E-007, 
 36.30,   4.76E-008, 
 36.40,   8.13E-008, 
 36.50,   2.99E-007, 
 36.60,   8.53E-007, 
 36.70,   1.09E-006, 
 36.80,   1.26E-006, 
 36.90,   1.29E-006, 
 37.00,   1.28E-006, 
 37.10,   7.76E-007, 
 37.20,   1.44E-007, 
 37.30,   6.97E-008, 
 37.40,   1.38E-007, 
 37.50,   4.86E-007, 
 37.60,   1.50E-006, 
 37.70,   1.90E-006, 
 37.80,   2.21E-006, 
 37.90,   2.27E-006, 
 38.00,   2.29E-006, 
 38.10,   1.38E-006, 
 38.20,   2.22E-007, 
 38.30,   1.05E-007, 
 38.40,   2.05E-007, 
 38.50,   5.25E-007, 
 38.60,   2.18E-006, 
 38.70,   3.23E-006, 
 38.80,   3.72E-006, 
 38.90,   4.10E-006, 
 39.00,   4.11E-006, 
 39.10,   3.00E-006, 
 39.20,   5.73E-007, 
 39.30,   9.65E-008, 
 39.40,   1.59E-007, 
 39.50,   4.13E-007, 
 39.60,   1.66E-006, 
 39.70,   2.50E-006, 
 39.80,   2.88E-006, 
 39.90,   3.15E-006, 
 40.00,   3.13E-006, 
 40.10,   2.35E-006, 
 40.20,   5.05E-007, 
 40.30,   1.09E-007, 
 40.40,   1.91E-007, 
 40.50,   4.53E-007, 
 40.60,   1.88E-006, 
 40.70,   3.06E-006, 
 40.80,   3.56E-006, 
 40.90,   3.98E-006, 
 41.00,   3.98E-006, 
 41.10,   3.11E-006, 
 41.20,   7.01E-007, 
 41.30,   1.36E-007, 
 41.40,   1.90E-007, 
 41.50,   4.05E-007, 
 41.60,   1.46E-006, 
 41.70,   2.21E-006, 
 41.80,   2.67E-006, 
 41.90,   2.92E-006, 
 42.00,   3.01E-006, 
 42.10,   2.28E-006, 
 42.20,   6.91E-007, 
 42.30,   5.62E-007, 
 42.40,   1.03E-006, 
 42.50,   2.43E-006, 
 42.60,   8.90E-006, 
 42.70,   1.30E-005, 
 42.80,   1.59E-005, 
 42.90,   1.77E-005, 
 43.00,   1.78E-005, 
 43.10,   1.19E-005, 
 43.20,   1.68E-006, 
 43.30,   7.94E-008, 
 43.40,   4.72E-008, 
 43.50,   8.67E-008, 
 43.60,   3.39E-007, 
 43.70,   4.85E-007, 
 43.80,   6.13E-007, 
 43.90,   6.29E-007, 
 44.00,   6.48E-007, 
 44.10,   3.80E-007, 
 44.20,   8.15E-008, 
 44.30,   1.89E-008, 
 44.40,   1.37E-008, 
 44.50,   1.89E-008, 
 44.60,   8.46E-008, 
 44.70,   1.63E-007, 
 44.80,   1.99E-007, 
 44.90,   2.16E-007, 
 45.00,   2.20E-007, 
 45.10,   1.57E-007, 
 45.20,   4.78E-008, 
 45.30,   1.35E-008, 
 45.40,   7.52E-009, 
 45.50,   6.34E-009, 
 45.60,   8.23E-009, 
 45.70,   1.37E-008, 
 45.80,   2.06E-008, 
 45.90,   3.09E-008, 
 46.00,   4.21E-008, 
 46.10,   5.41E-008, 
 46.20,   6.88E-008, 
 46.30,   1.19E-007, 
 46.40,   2.22E-007, 
 46.50,   8.11E-007, 
 46.60,   2.01E-006, 
 46.70,   2.50E-006, 
 46.80,   3.04E-006, 
 46.90,   2.94E-006, 
 47.00,   2.64E-006, 
 47.10,   8.63E-007, 
 47.20,   7.99E-008, 
 47.30,   4.88E-008, 
 47.40,   8.24E-008, 
 47.50,   3.02E-007, 
 47.60,   8.17E-007, 
 47.70,   1.03E-006, 
 47.80,   1.29E-006, 
 47.90,   1.24E-006, 
 48.00,   1.13E-006, 
 48.10,   4.13E-007, 
 48.20,   5.86E-008, 
 48.30,   3.89E-008, 
 48.40,   6.30E-008, 
 48.50,   2.36E-007, 
 48.60,   6.36E-007, 
 48.70,   8.06E-007, 
 48.80,   9.93E-007, 
 48.90,   9.64E-007, 
 49.00,   8.45E-007, 
 49.10,   3.03E-007, 
 49.20,   4.40E-008, 
 49.30,   2.35E-008, 
 49.40,   3.01E-008, 
 49.50,   9.63E-008, 
 49.60,   3.21E-007, 
 49.70,   4.17E-007, 
 49.80,   5.31E-007, 
 49.90,   5.11E-007, 
 50.00,   4.77E-007, 
 50.10,   2.07E-007, 
 50.20,   3.75E-008, 
 50.30,   1.35E-008, 
 50.40,   9.93E-009, 
 50.50,   1.25E-008, 
 50.60,   4.16E-008, 
 50.70,   9.06E-008, 
 50.80,   1.24E-007, 
 50.90,   1.32E-007, 
 51.00,   1.34E-007, 
 51.10,   8.59E-008, 
 51.20,   3.01E-008, 
 51.30,   1.15E-008, 
 51.40,   7.53E-009, 
 51.50,   8.89E-009, 
 51.60,   2.51E-008, 
 51.70,   5.30E-008, 
 51.80,   7.66E-008, 
 51.90,   8.29E-008, 
 52.00,   8.45E-008, 
 52.10,   5.70E-008, 
 52.20,   2.42E-008, 
 52.30,   1.30E-008, 
 52.40,   1.24E-008, 
 52.50,   1.93E-008, 
 52.60,   8.41E-008, 
 52.70,   1.76E-007, 
 52.80,   2.33E-007, 
 52.90,   2.48E-007, 
 53.00,   2.53E-007, 
 53.10,   1.64E-007, 
 53.20,   5.20E-008, 
 53.30,   1.79E-008, 
 53.40,   1.51E-008, 
 53.50,   2.15E-008, 
 53.60,   9.06E-008, 
 53.70,   2.08E-007, 
 53.80,   2.75E-007, 
 53.90,   3.03E-007, 
 54.00,   3.10E-007, 
 54.10,   2.40E-007, 
 54.20,   9.97E-008, 
 54.30,   4.54E-008, 
 54.40,   6.78E-008, 
 54.50,   1.33E-007, 
 54.60,   5.45E-007, 
 54.70,   1.18E-006, 
 54.80,   1.53E-006, 
 54.90,   1.78E-006, 
 55.00,   1.78E-006, 
 55.10,   1.29E-006, 
 55.20,   4.08E-007, 
 55.30,   1.21E-007, 
 55.40,   1.91E-007, 
 55.50,   3.40E-007, 
 55.60,   1.34E-006, 
 55.70,   3.27E-006, 
 55.80,   4.21E-006, 
 55.90,   5.10E-006, 
 56.00,   4.92E-006, 
 56.10,   3.61E-006, 
 56.20,   1.03E-006, 
 56.30,   6.19E-008, 
 56.40,   2.51E-008, 
 56.50,   2.82E-008, 
 56.60,   9.87E-008, 
 56.70,   2.41E-007, 
 56.80,   3.19E-007, 
 56.90,   3.72E-007, 
 57.00,   3.81E-007, 
 57.10,   3.03E-007, 
 57.20,   1.57E-007, 
 57.30,   1.27E-007, 
 57.40,   2.18E-007, 
 57.50,   4.19E-007, 
 57.60,   1.83E-006, 
 57.70,   3.43E-006, 
 57.80,   4.63E-006, 
 57.90,   4.99E-006, 
 58.00,   4.91E-006, 
 58.10,   2.78E-006, 
 58.20,   5.49E-007, 
 58.30,   4.32E-008, 
 58.40,   2.68E-008, 
 58.50,   2.99E-008, 
 58.60,   9.59E-008, 
 58.70,   2.13E-007, 
 58.80,   2.91E-007, 
 58.90,   3.16E-007, 
 59.00,   3.17E-007, 
 59.10,   2.01E-007, 
 59.20,   6.81E-008, 
 59.30,   2.04E-008, 
 59.40,   1.35E-008, 
 59.50,   1.12E-008, 
 59.60,   1.11E-008, 
 59.70,   1.46E-008, 
 59.80,   1.96E-008, 
 59.90,   2.44E-008, 
 60.00,   2.54E-008, 
 60.10,   2.13E-008, 
 60.20,   1.32E-008, 
 60.30,   8.01E-009, 
 60.40,   6.29E-009, 
 60.50,   6.48E-009, 
 60.60,   1.24E-008, 
 60.70,   2.59E-008, 
 60.80,   4.03E-008, 
 60.90,   4.77E-008, 
 61.00,   4.73E-008, 
 61.10,   3.25E-008, 
 61.20,   1.57E-008, 
 61.30,   6.91E-009, 
 61.40,   3.96E-009, 
 61.50,   2.82E-009, 
 61.60,   3.43E-009, 
 61.70,   5.32E-009, 
 61.80,   7.75E-009, 
 61.90,   9.48E-009, 
 62.00,   1.01E-008, 
 62.10,   7.79E-009, 
 62.20,   4.54E-009, 
 62.30,   2.54E-009, 
 62.40,   1.88E-009, 
 62.50,   2.07E-009, 
 62.60,   4.67E-009, 
 62.70,   9.53E-009, 
 62.80,   1.48E-008, 
 62.90,   1.80E-008, 
 63.00,   1.85E-008, 
 63.10,   1.31E-008, 
 63.20,   6.91E-009, 
 63.30,   3.49E-009, 
 63.40,   2.01E-009, 
 63.50,   1.36E-009, 
 63.60,   1.76E-009, 
 63.70,   2.67E-009, 
 63.80,   3.88E-009, 
 63.90,   4.71E-009, 
 64.00,   5.28E-009, 
 64.10,   4.49E-009, 
 64.20,   3.03E-009, 
 64.30,   2.13E-009, 
 64.40,   1.91E-009, 
 64.50,   2.25E-009, 
 64.60,   5.49E-009, 
 64.70,   1.34E-008, 
 64.80,   2.23E-008, 
 64.90,   2.83E-008, 
 65.00,   2.98E-008, 
 65.10,   2.18E-008, 
 65.20,   1.14E-008, 
 65.30,   5.68E-009, 
 65.40,   3.46E-009, 
 65.50,   2.52E-009, 
 65.60,   2.94E-009, 
 65.70,   5.23E-009, 
 65.80,   8.22E-009, 
 65.90,   1.11E-008, 
 66.00,   1.27E-008, 
 66.10,   1.14E-008, 
 66.20,   7.77E-009, 
 66.30,   5.23E-009, 
 66.40,   4.96E-009, 
 66.50,   6.76E-009, 
 66.60,   1.88E-008, 
 66.70,   6.39E-008, 
 66.80,   1.05E-007, 
 66.90,   1.27E-007, 
 67.00,   1.29E-007, 
 67.10,   8.40E-008, 
 67.20,   3.48E-008, 
 67.30,   1.27E-008, 
 67.40,   8.32E-009, 
 67.50,   8.27E-009, 
 67.60,   1.57E-008, 
 67.70,   4.63E-008, 
 67.80,   7.92E-008, 
 67.90,   1.00E-007, 
 68.00,   1.07E-007, 
 68.10,   8.17E-008, 
 68.20,   4.65E-008, 
 68.30,   2.91E-008, 
 68.40,   3.74E-008, 
 68.50,   6.55E-008, 
 68.60,   2.39E-007, 
 68.70,   7.07E-007, 
 68.80,   9.93E-007, 
 68.90,   1.21E-006, 
 69.00,   1.23E-006, 
 69.10,   7.45E-007, 
 69.20,   2.52E-007, 
 69.30,   3.08E-008, 
 69.40,   1.38E-008, 
 69.50,   1.48E-008, 
 69.60,   3.32E-008, 
 69.70,   8.13E-008, 
 69.80,   1.16E-007, 
 69.90,   1.35E-007, 
 70.00,   1.19E-007, 
 70.10,   7.00E-008, 
 70.20,   3.13E-008, 
 70.30,   1.14E-008, 
 70.40,   5.46E-009, 
 70.50,   3.23E-009, 
 70.60,   2.55E-009, 
 70.70,   2.85E-009, 
 70.80,   3.39E-009, 
 70.90,   4.12E-009, 
 71.00,   4.62E-009, 
 71.10,   4.22E-009, 
 71.20,   3.27E-009, 
 71.30,   2.40E-009, 
 71.40,   2.16E-009, 
 71.50,   3.79E-009, 
 71.60,   9.29E-009, 
 71.70,   1.67E-008, 
 71.80,   2.26E-008, 
 71.90,   2.55E-008, 
 72.00,   1.96E-008, 
 72.10,   1.08E-008, 
 72.20,   5.05E-009, 
 72.30,   2.80E-009, 
 72.40,   1.90E-009, 
 72.50,   1.59E-009, 
 72.60,   2.43E-009, 
 72.70,   5.23E-009, 
 72.80,   8.81E-009, 
 72.90,   1.18E-008, 
 73.00,   1.30E-008, 
 73.10,   1.02E-008, 
 73.20,   5.78E-009, 
 73.30,   3.01E-009, 
 73.40,   1.88E-009, 
 73.50,   1.58E-009, 
 73.60,   2.53E-009, 
 73.70,   4.69E-009, 
 73.80,   7.32E-009, 
 73.90,   9.24E-009, 
 74.00,   9.05E-009, 
 74.10,   6.44E-009, 
 74.20,   3.61E-009, 
 74.30,   1.91E-009, 
 74.40,   1.08E-009, 
 74.50,   8.01E-010, 
 74.60,   9.96E-010, 
 74.70,   1.62E-009, 
 74.80,   2.39E-009, 
 74.90,   3.15E-009, 
 75.00,   3.36E-009, 
 75.10,   2.69E-009, 
 75.20,   1.77E-009, 
 75.30,   1.14E-009, 
 75.40,   8.20E-010, 
 75.50,   7.88E-010, 
 75.60,   1.46E-009, 
 75.70,   3.03E-009, 
 75.80,   4.99E-009, 
 75.90,   6.74E-009, 
 76.00,   7.37E-009, 
 76.10,   5.88E-009, 
 76.20,   3.69E-009, 
 76.30,   2.27E-009, 
 76.40,   1.65E-009, 
 76.50,   1.79E-009, 
 76.60,   3.53E-009, 
 76.70,   9.93E-009, 
 76.80,   1.88E-008, 
 76.90,   2.62E-008, 
 77.00,   2.90E-008, 
 77.10,   2.16E-008, 
 77.20,   1.19E-008, 
 77.30,   5.57E-009, 
 77.40,   3.10E-009, 
 77.50,   2.01E-009, 
 77.60,   1.99E-009, 
 77.70,   3.34E-009, 
 77.80,   5.40E-009, 
 77.90,   7.50E-009, 
 78.00,   8.85E-009, 
 78.10,   7.63E-009, 
 78.20,   4.99E-009, 
 78.30,   2.84E-009, 
 78.40,   1.87E-009, 
 78.50,   1.64E-009, 
 78.60,   2.34E-009, 
 78.70,   6.03E-009, 
 78.80,   1.21E-008, 
 78.90,   1.76E-008, 
 79.00,   2.12E-008, 
 79.10,   1.76E-008, 
 79.20,   1.07E-008, 
 79.30,   5.07E-009, 
 79.40,   2.71E-009, 
 79.50,   1.57E-009, 
 79.60,   1.11E-009, 
 79.70,   1.30E-009, 
 79.80,   1.78E-009, 
 79.90,   2.58E-009, 
 80.00,   3.17E-009, 
