,Blaue Kugel,,
t,x,y,
0.000,-29.96,-0.984
0.020,-29.80,-0.931
0.040,-29.56,-0.967
0.060,-29.29,-0.931
0.080,-29.14,-0.914
0.100,-28.96,-0.914
0.120,-28.82,-0.931
0.140,-28.66,-0.949
0.160,-28.47,-0.931
0.180,-28.31,-0.879
0.200,-28.03,-0.914
0.220,-27.94,-0.967
0.240,-27.82,-0.967
0.260,-27.68,-0.931
0.280,-27.57,-0.914
0.300,-27.36,-0.914
0.320,-27.22,-0.879
0.340,-26.98,-0.861
0.360,-26.78,-0.861
0.380,-26.61,-0.879
0.400,-26.47,-0.914
0.420,-26.32,-0.914
0.440,-26.22,-0.931
0.460,-26.15,-0.931
0.480,-26.06,-0.931
0.500,-25.96,-0.879
0.520,-25.83,-0.896
0.540,-25.67,-0.861
0.560,-25.48,-0.896
0.580,-25.38,-0.844
0.600,-25.22,-0.844
0.620,-25.06,-0.844
0.640,-24.76,-0.844
0.660,-24.66,-0.826
0.680,-24.48,-0.791
0.700,-24.30,-0.791
0.720,-24.13,-0.826
0.740,-24.06,-0.844
0.760,-23.95,-0.826
0.780,-23.79,-0.808
0.800,-23.69,-0.791
0.820,-23.50,-0.773
0.840,-23.43,-0.773
0.860,-23.23,-0.756
0.880,-23.09,-0.738
0.900,-22.92,-0.738
0.920,-22.81,-0.738
0.940,-22.62,-0.738
0.960,-22.55,-0.721
0.980,-22.44,-0.685
1.000,-22.30,-0.685
1.020,-22.12,-0.685
1.040,-21.97,-0.685
1.060,-21.72,-0.668
1.080,-21.60,-0.650
1.100,-21.46,-0.650
1.120,-21.32,-0.668
1.140,-21.23,-0.668
1.160,-21.11,-0.615
1.180,-20.91,-0.580
1.200,-20.72,-0.562
1.220,-20.54,-0.580
1.240,-20.40,-0.633
1.260,-20.26,-0.633
1.280,-20.16,-0.597
1.300,-20.03,-0.650
1.320,-19.82,-0.633
1.340,-19.68,-0.580
1.360,-19.49,-0.545
1.380,-19.37,-0.545
1.400,-19.35,-0.545
1.420,-19.21,-0.527
1.440,-19.03,-0.492
1.460,-18.84,-0.457
1.480,-18.66,-0.439
1.500,-18.52,-0.439
1.520,-18.29,-0.474
1.540,-18.19,-0.474
1.560,-18.07,-0.457
1.580,-17.91,-0.422
1.600,-17.77,-0.422
1.620,-17.66,-0.404
1.640,-17.40,-0.422
1.660,-17.26,-0.439
1.680,-17.17,-0.439
1.700,-17.12,-0.527
1.720,-16.92,-0.545
1.740,-16.66,-0.545
1.760,-16.64,-0.474
1.780,-16.57,-0.474
1.800,-16.41,-0.527
1.820,-16.27,-0.527
1.840,-16.11,-0.527
1.860,-15.94,-0.474
1.880,-15.78,-0.422
1.900,-15.53,-0.404
1.920,-15.38,-0.369
1.940,-15.27,-0.334
1.960,-15.15,-0.299
1.980,-15.06,-0.299
2.000,-14.85,-0.334
2.020,-14.78,-0.334
2.040,-14.66,-0.351
2.060,-14.53,-0.404
2.080,-14.32,-0.404
2.100,-14.08,-0.387
2.120,-13.87,-0.369
2.140,-13.76,-0.369
2.160,-13.72,-0.369
2.180,-13.60,-0.334
2.200,-13.41,-0.334
2.220,-13.20,-0.334
2.240,-13.13,-0.351
2.260,-12.97,-0.351
2.280,-12.90,-0.369
2.300,-12.81,-0.387
2.320,-12.64,-0.422
2.340,-12.42,-0.404
2.360,-12.35,-0.387
2.380,-12.16,-0.351
2.400,-11.97,-0.351
2.420,-11.79,-0.387
2.440,-11.58,-0.387
2.460,-11.46,-0.369
2.480,-11.37,-0.334
2.500,-11.23,-0.281
2.520,-11.11,-0.264
2.540,-10.97,-0.264
2.560,-10.83,-0.264
2.580,-10.75,-0.264
2.600,-10.53,-0.246
2.620,-10.37,-0.228
2.640,-10.17,-0.211
2.660,-9.964,-0.211
2.680,-9.876,-0.211
2.700,-9.788,-0.193
2.720,-9.648,-0.193
2.740,-9.507,-0.158
2.760,-9.384,-0.141
2.780,-9.296,-0.123
2.800,-9.156,-0.158
2.820,-8.910,-0.193
2.840,-8.734,-0.193
2.860,-8.611,-0.211
2.880,-8.506,-0.211
2.900,-8.453,-0.211
2.920,-8.330,-0.228
2.940,-8.066,-0.193
2.960,-7.908,-0.193
2.980,-7.680,-0.158
3.000,-7.557,-0.158
3.020,-7.521,-0.158
3.040,-7.363,-0.176
3.060,-7.258,-0.176
3.080,-7.205,-0.176
3.100,-7.100,-0.176
3.120,-6.836,-0.176
3.140,-6.748,-0.141
3.160,-6.643,-0.123
3.180,-6.362,-7.029E-2
3.200,-6.274,-7.029E-2
3.220,-6.098,-0.123
3.240,-5.887,-0.158
3.260,-5.729,-0.158
3.280,-5.659,-0.105
3.300,-5.536,-7.029E-2
3.320,-5.325,-7.029E-2
3.340,-5.149,-7.029E-2
3.360,-4.956,-7.029E-2
3.380,-4.798,-7.029E-2
3.400,-4.657,-7.029E-2
3.420,-4.534,-3.515E-2
3.440,-4.393,-1.757E-2
3.460,-4.253,-1.757E-2
3.480,-4.147,-1.757E-2
3.500,-4.059,-3.553E-15
3.520,-3.936,3.515E-2
3.540,-4.095,0.193
3.560,-4.305,0.264
3.580,-4.446,0.299
3.600,-4.587,0.351
3.620,-4.657,0.369
3.640,-4.780,0.439
3.660,-4.850,0.474
3.680,-4.973,0.474
3.700,-5.149,0.439
3.720,-5.254,0.404
3.740,-5.395,0.369
3.760,-5.483,0.369
3.780,-5.623,0.439
3.800,-5.694,0.492
3.820,-5.799,0.527
3.840,-5.922,0.580
3.860,-5.993,0.597
3.880,-6.098,0.650
3.900,-6.221,0.668
3.920,-6.432,0.721
3.940,-6.572,0.791
3.960,-6.695,0.808
3.980,-6.801,0.844
4.000,-6.871,0.861
4.020,-7.012,0.879
4.040,-7.064,0.879
4.060,-7.082,0.896
4.080,-7.152,0.914
4.100,-7.398,1.037
4.120,-7.627,1.090
4.140,-7.767,1.090
4.160,-7.855,1.125
4.180,-7.873,0.967
4.200,-8.084,1.142
4.220,-8.172,1.177
4.240,-8.242,1.195
4.260,-8.382,1.248
4.280,-8.435,1.283
4.300,-8.488,1.283
4.320,-8.576,1.283
4.340,-8.664,1.336
4.360,-8.734,1.388
4.380,-8.804,1.423
4.400,-8.892,1.441
4.420,-9.033,1.476
4.440,-9.103,1.511
4.460,-9.208,1.617
4.480,-9.331,1.652
4.500,-9.402,1.687
4.520,-9.490,1.740
4.540,-9.630,1.863
4.560,-9.648,1.863
4.580,-9.753,1.933
4.600,-9.824,1.968
4.620,-9.964,2.003
4.640,-10.07,2.021
4.660,-10.12,2.021
4.680,-10.21,2.039
4.700,-10.28,2.056
4.720,-10.40,2.074
4.740,-10.54,2.091
4.760,-10.81,2.232
4.780,-10.83,2.232
4.800,-11.07,2.372
4.820,-11.16,2.408
4.840,-11.30,2.478
4.860,-11.32,2.478
4.880,-11.42,2.531
4.900,-11.32,2.478
4.920,-11.37,2.478
4.940,-11.42,2.495
4.960,-11.53,2.583
4.980,-11.60,2.654
5.000,-11.72,2.724
5.020,-11.77,2.741
5.040,-11.81,2.636
5.060,-11.93,2.671
5.080,-12.00,2.741
5.100,-12.09,2.759
5.120,-12.16,2.812
5.140,-12.28,2.829
5.160,-12.41,2.900
5.180,-12.51,2.970
5.200,-12.64,3.023
5.220,-12.71,3.058
5.240,-12.81,3.093
5.260,-12.86,3.110
5.280,-12.97,3.163
5.300,-13.02,3.181
5.320,-13.09,3.251
5.340,-13.16,3.269
5.360,-13.23,3.304
5.380,-13.25,3.304
5.400,-13.34,3.339
5.420,-13.41,3.339
5.440,-13.55,3.392
5.460,-13.65,3.409
5.480,-13.76,3.444
5.500,-13.80,3.462
5.520,-13.65,3.251
5.540,-13.87,3.321
5.560,-13.92,3.339
5.580,-14.04,3.427
5.600,-14.11,3.480
5.620,-14.20,3.532
5.640,-14.29,3.585
5.660,-14.30,3.603
5.680,-14.34,3.620
5.700,-14.36,3.638
5.720,-14.45,3.673
5.740,-14.59,3.743
5.760,-14.64,3.743
5.780,-14.76,3.778
5.800,-14.85,3.813
5.820,-14.85,3.813
5.840,-14.85,3.813
5.860,-14.94,3.831
5.880,-14.95,3.849
5.900,-15.01,3.884
5.920,-15.06,3.901
5.940,-15.11,3.936
5.960,-15.18,3.989
5.980,-15.31,4.059
6.000,-15.45,4.147
6.020,-15.52,4.200
6.040,-15.52,4.200
6.060,-15.57,4.218
6.080,-15.62,4.253
6.100,-15.64,4.253
6.120,-15.71,4.270
6.140,-15.82,4.358
6.160,-15.82,4.358
6.180,-15.83,4.393
6.200,-16.03,4.481
6.220,-16.04,4.499
6.240,-16.04,4.499
6.260,-16.11,4.499
6.280,-16.19,4.552
6.300,-16.20,4.552
6.320,-16.27,4.587
6.340,-16.27,4.587
6.360,-16.31,4.622
6.380,-16.34,4.657
6.400,-16.36,4.657
6.420,-16.55,4.903
6.440,-16.40,4.833
6.460,-16.41,4.833
6.480,-16.45,4.850
6.500,-16.45,4.850
6.520,-16.48,4.868
6.540,-16.55,4.868
6.560,-16.62,4.903
6.580,-16.73,4.921
6.600,-16.76,4.938
6.620,-16.78,4.938
6.640,-16.87,4.938
6.660,-16.91,4.938
6.680,-16.98,4.956
6.700,-17.06,5.008
6.720,-17.13,5.061
6.740,-17.20,5.096
6.760,-17.26,5.149
6.780,-17.26,5.149
6.800,-17.34,5.237
6.820,-17.34,5.237
6.840,-17.36,5.254
6.860,-17.43,5.290
6.880,-17.43,5.290
6.900,-17.45,5.307
6.920,-17.56,5.360
6.940,-17.63,5.430
6.960,-17.66,5.465
6.980,-17.73,5.536
7.000,-17.78,5.571
7.020,-17.84,5.606
7.040,-17.94,5.676
7.060,-17.98,5.729
7.080,-17.94,5.500
7.100,-18.12,5.571
7.120,-18.15,5.588
7.140,-18.22,5.641
7.160,-18.24,5.641
7.180,-18.31,5.694
7.200,-18.15,5.729
7.220,-18.24,5.729
7.240,-18.29,5.729
7.260,-18.36,5.764
7.280,-18.45,5.817
7.300,-18.54,5.870
7.320,-18.63,5.905
7.340,-18.66,5.940
7.360,-18.72,5.957
7.380,-18.80,6.010
7.400,-18.91,6.080
7.420,-18.86,5.870
7.440,-18.93,5.957
7.460,-18.94,5.993
7.480,-19.14,6.080
7.500,-19.19,6.098
7.520,-19.28,6.151
7.540,-19.31,6.186
7.560,-19.37,6.256
7.580,-19.44,6.326
7.600,-19.49,6.362
7.620,-19.51,6.449
7.640,-19.52,6.449
7.660,-19.59,6.485
7.680,-19.61,6.520
7.700,-19.61,6.520
7.720,-19.70,6.537
7.740,-19.73,6.555
7.760,-19.81,6.572
7.780,-19.82,6.590
7.800,-19.84,6.590
7.820,-19.88,6.608
7.840,-19.91,6.643
7.860,-20.00,6.678
