Apr 28, 2026  11:34:33 AM
Residual Gas Analyzer Software 
Software Version, 3.214.004

Analog Scan Setup:

Data Points in Scan, 791 
Units, Torr 
Noise Floor, 2 
CEM Status, OFF 
Points Per AMU, 10
Scan Start Mass, 1, amu 
Scan Stop Mass, 80, amu
Focus Voltage, 90, Volts 
Ion Energy, HIGH 
Electron Energy, 70, eV 
CEM Voltage, 1000, Volts
CEM Gain, 1.00E+006 
Sensitivity Factor, 1.56E-004 
Filament Current, 1.00, mAmps


  1.00,   6.47E-009, 
  1.10,   9.28E-009, 
  1.20,   3.00E-008, 
  1.30,   1.58E-007, 
  1.40,   6.06E-008, 
  1.50,   4.38E-008, 
  1.60,   4.75E-008, 
  1.70,   1.00E-007, 
  1.80,   2.17E-007, 
  1.90,   2.81E-007, 
  2.00,   3.27E-007, 
  2.10,   3.68E-007, 
  2.20,   3.15E-007, 
  2.30,   2.01E-007, 
  2.40,   3.23E-008, 
  2.50,   8.41E-009, 
  2.60,   2.86E-009, 
  2.70,   9.73E-010, 
  2.80,   4.96E-010, 
  2.90,   5.55E-010, 
  3.00,   8.01E-010, 
  3.10,   1.01E-009, 
  3.20,   1.02E-009, 
  3.30,   6.45E-010, 
  3.40,  -1.46E-010, 
  3.50,  -9.85E-010, 
  3.60,  -1.19E-009, 
  3.70,  -1.38E-009, 
  3.80,  -1.45E-009, 
  3.90,  -1.44E-009, 
  4.00,  -1.49E-009, 
  4.10,  -1.49E-009, 
  4.20,  -1.46E-009, 
  4.30,  -1.40E-009, 
  4.40,  -1.37E-009, 
  4.50,  -1.28E-009, 
  4.60,  -1.22E-009, 
  4.70,  -1.14E-009, 
  4.80,  -9.83E-010, 
  4.90,  -9.01E-010, 
  5.00,  -9.20E-010, 
  5.10,  -8.11E-010, 
  5.20,  -7.56E-010, 
  5.30,  -7.58E-010, 
  5.40,  -7.04E-010, 
  5.50,  -3.52E-010, 
  5.60,  -5.04E-010, 
  5.70,  -5.10E-010, 
  5.80,  -7.56E-010, 
  5.90,  -4.00E-010, 
  6.00,  -4.07E-010, 
  6.10,  -4.29E-010, 
  6.20,  -4.23E-010, 
  6.30,  -5.28E-010, 
  6.40,  -8.57E-010, 
  6.50,  -7.02E-010, 
  6.60,  -3.74E-010, 
  6.70,  -3.93E-010, 
  6.80,  -4.10E-010, 
  6.90,  -4.33E-010, 
  7.00,  -3.82E-010, 
  7.10,  -3.87E-010, 
  7.20,  -3.95E-010, 
  7.30,  -3.53E-010, 
  7.40,  -3.62E-010, 
  7.50,  -3.10E-010, 
  7.60,  -3.19E-010, 
  7.70,  -3.08E-010, 
  7.80,  -3.11E-010, 
  7.90,  -3.45E-010, 
  8.00,  -2.86E-010, 
  8.10,  -2.76E-010, 
  8.20,  -3.10E-010, 
  8.30,  -3.71E-010, 
  8.40,  -3.62E-010, 
  8.50,  -2.98E-010, 
  8.60,  -2.69E-010, 
  8.70,  -2.67E-010, 
  8.80,  -3.37E-010, 
  8.90,  -2.76E-010, 
  9.00,  -2.69E-010, 
  9.10,  -2.88E-010, 
  9.20,  -2.26E-010, 
  9.30,  -3.04E-010, 
  9.40,  -3.39E-010, 
  9.50,  -3.16E-010, 
  9.60,  -2.90E-010, 
  9.70,  -2.80E-010, 
  9.80,  -3.60E-010, 
  9.90,  -2.79E-010, 
 10.00,  -2.60E-010, 
 10.10,  -2.41E-010, 
 10.20,  -2.72E-010, 
 10.30,  -2.41E-010, 
 10.40,  -1.46E-010, 
 10.50,  -8.55E-011, 
 10.60,  -6.68E-011, 
 10.70,   1.29E-012, 
 10.80,  -1.86E-011, 
 10.90,   3.08E-011, 
 11.00,   2.01E-010, 
 11.10,   5.49E-010, 
 11.20,   1.09E-009, 
 11.30,   2.31E-009, 
 11.40,   5.84E-009, 
 11.50,   1.88E-008, 
 11.60,   1.46E-007, 
 11.70,   3.11E-007, 
 11.80,   3.49E-007, 
 11.90,   4.22E-007, 
 12.00,   4.33E-007, 
 12.10,   3.93E-007, 
 12.20,   2.32E-007, 
 12.30,   3.56E-008, 
 12.40,   2.23E-008, 
 12.50,   4.68E-008, 
 12.60,   3.01E-007, 
 12.70,   6.17E-007, 
 12.80,   6.92E-007, 
 12.90,   8.32E-007, 
 13.00,   8.53E-007, 
 13.10,   7.80E-007, 
 13.20,   4.39E-007, 
 13.30,   5.13E-008, 
 13.40,   3.56E-008, 
 13.50,   1.04E-007, 
 13.60,   6.11E-007, 
 13.70,   1.20E-006, 
 13.80,   1.31E-006, 
 13.90,   1.54E-006, 
 14.00,   1.59E-006, 
 14.10,   1.48E-006, 
 14.20,   8.10E-007, 
 14.30,   9.85E-008, 
 14.40,   1.55E-007, 
 14.50,   4.68E-007, 
 14.60,   2.38E-006, 
 14.70,   5.48E-006, 
 14.80,   6.01E-006, 
 14.90,   6.74E-006, 
 15.00,   7.22E-006, 
 15.10,   6.78E-006, 
 15.20,   4.20E-006, 
 15.30,   2.07E-007, 
 15.40,   3.48E-008, 
 15.50,   2.71E-008, 
 15.60,   1.06E-007, 
 15.70,   2.41E-007, 
 15.80,   2.69E-007, 
 15.90,   3.08E-007, 
 16.00,   3.13E-007, 
 16.10,   2.92E-007, 
 16.20,   1.69E-007, 
 16.30,   3.07E-008, 
 16.40,   1.73E-008, 
 16.50,   3.26E-008, 
 16.60,   2.14E-007, 
 16.70,   3.97E-007, 
 16.80,   4.16E-007, 
 16.90,   4.87E-007, 
 17.00,   4.73E-007, 
 17.10,   4.81E-007, 
 17.20,   2.61E-007, 
 17.30,   8.30E-008, 
 17.40,   1.20E-007, 
 17.50,   2.58E-007, 
 17.60,   1.13E-006, 
 17.70,   1.93E-006, 
 17.80,   1.98E-006, 
 17.90,   2.27E-006, 
 18.00,   2.14E-006, 
 18.10,   2.10E-006, 
 18.20,   9.29E-007, 
 18.30,   6.06E-008, 
 18.40,   3.15E-008, 
 18.50,   3.28E-008, 
 18.60,   7.98E-008, 
 18.70,   1.39E-007, 
 18.80,   1.44E-007, 
 18.90,   1.66E-007, 
 19.00,   1.66E-007, 
 19.10,   1.99E-007, 
 19.20,   1.56E-007, 
 19.30,   9.39E-008, 
 19.40,   1.05E-007, 
 19.50,   1.10E-007, 
 19.60,   1.45E-007, 
 19.70,   1.33E-007, 
 19.80,   9.18E-008, 
 19.90,   1.01E-007, 
 20.00,   9.77E-008, 
 20.10,   9.67E-008, 
 20.20,   5.97E-008, 
 20.30,   1.79E-008, 
 20.40,   9.37E-009, 
 20.50,   6.66E-009, 
 20.60,   5.75E-009, 
 20.70,   5.27E-009, 
 20.80,   3.97E-009, 
 20.90,   3.23E-009, 
 21.00,   2.80E-009, 
 21.10,   2.58E-009, 
 21.20,   2.03E-009, 
 21.30,   1.14E-009, 
 21.40,   6.94E-010, 
 21.50,   5.71E-010, 
 21.60,   8.18E-010, 
 21.70,   1.24E-009, 
 21.80,   1.68E-009, 
 21.90,   1.95E-009, 
 22.00,   2.04E-009, 
 22.10,   2.08E-009, 
 22.20,   1.62E-009, 
 22.30,   9.08E-010, 
 22.40,   4.68E-010, 
 22.50,   2.95E-010, 
 22.60,   3.60E-011, 
 22.70,  -2.19E-011, 
 22.80,  -1.48E-011, 
 22.90,  -1.61E-011, 
 23.00,   6.36E-011, 
 23.10,   2.28E-010, 
 23.20,   5.04E-010, 
 23.30,   8.98E-010, 
 23.40,   1.74E-009, 
 23.50,   4.21E-009, 
 23.60,   1.84E-008, 
 23.70,   4.54E-008, 
 23.80,   5.76E-008, 
 23.90,   6.55E-008, 
 24.00,   6.25E-008, 
 24.10,   6.03E-008, 
 24.20,   3.30E-008, 
 24.30,   1.38E-008, 
 24.40,   1.23E-008, 
 24.50,   2.28E-008, 
 24.60,   1.24E-007, 
 24.70,   2.33E-007, 
 24.80,   2.54E-007, 
 24.90,   2.84E-007, 
 25.00,   2.60E-007, 
 25.10,   2.50E-007, 
 25.20,   1.05E-007, 
 25.30,   3.00E-008, 
 25.40,   4.11E-008, 
 25.50,   1.25E-007, 
 25.60,   5.87E-007, 
 25.70,   9.80E-007, 
 25.80,   1.06E-006, 
 25.90,   1.20E-006, 
 26.00,   1.08E-006, 
 26.10,   1.05E-006, 
 26.20,   4.02E-007, 
 26.30,   5.10E-008, 
 26.40,   6.19E-008, 
 26.50,   1.61E-007, 
 26.60,   7.46E-007, 
 26.70,   1.44E-006, 
 26.80,   1.58E-006, 
 26.90,   1.82E-006, 
 27.00,   1.67E-006, 
 27.10,   1.64E-006, 
 27.20,   7.24E-007, 
 27.30,   2.79E-007, 
 27.40,   6.47E-007, 
 27.50,   1.92E-006, 
 27.60,   7.86E-006, 
 27.70,   1.23E-005, 
 27.80,   1.31E-005, 
 27.90,   1.50E-005, 
 28.00,   1.33E-005, 
 28.10,   1.22E-005, 
 28.20,   2.70E-006, 
 28.30,   9.95E-008, 
 28.40,   5.91E-008, 
 28.50,   1.30E-007, 
 28.60,   5.70E-007, 
 28.70,   9.96E-007, 
 28.80,   1.10E-006, 
 28.90,   1.25E-006, 
 29.00,   1.15E-006, 
 29.10,   1.04E-006, 
 29.20,   3.28E-007, 
 29.30,   3.27E-008, 
 29.40,   1.38E-008, 
 29.50,   1.35E-008, 
 29.60,   4.47E-008, 
 29.70,   1.00E-007, 
 29.80,   1.16E-007, 
 29.90,   1.35E-007, 
 30.00,   1.25E-007, 
 30.10,   1.16E-007, 
 30.20,   4.90E-008, 
 30.30,   1.54E-008, 
 30.40,   1.10E-008, 
 30.50,   1.59E-008, 
 30.60,   7.32E-008, 
 30.70,   1.62E-007, 
 30.80,   1.82E-007, 
 30.90,   2.11E-007, 
 31.00,   2.00E-007, 
 31.10,   1.91E-007, 
 31.20,   8.61E-008, 
 31.30,   4.89E-008, 
 31.40,   1.04E-007, 
 31.50,   3.30E-007, 
 31.60,   1.33E-006, 
 31.70,   1.79E-006, 
 31.80,   1.97E-006, 
 31.90,   2.13E-006, 
 32.00,   2.02E-006, 
 32.10,   1.50E-006, 
 32.20,   2.48E-007, 
 32.30,   2.34E-008, 
 32.40,   9.82E-009, 
 32.50,   5.32E-009, 
 32.60,   3.68E-009, 
 32.70,   3.66E-009, 
 32.80,   3.94E-009, 
 32.90,   4.27E-009, 
 33.00,   4.27E-009, 
 33.10,   4.09E-009, 
 33.20,   3.05E-009, 
 33.30,   1.70E-009, 
 33.40,   1.13E-009, 
 33.50,   1.13E-009, 
 33.60,   2.42E-009, 
 33.70,   4.95E-009, 
 33.80,   7.60E-009, 
 33.90,   1.12E-008, 
 34.00,   1.51E-008, 
 34.10,   2.01E-008, 
 34.20,   2.68E-008, 
 34.30,   4.91E-008, 
 34.40,   1.16E-007, 
 34.50,   4.35E-007, 
 34.60,   1.20E-006, 
 34.70,   1.47E-006, 
 34.80,   1.72E-006, 
 34.90,   1.70E-006, 
 35.00,   1.68E-006, 
 35.10,   9.17E-007, 
 35.20,   1.32E-007, 
 35.30,   1.31E-007, 
 35.40,   2.82E-007, 
 35.50,   1.04E-006, 
 35.60,   3.28E-006, 
 35.70,   3.97E-006, 
 35.80,   4.59E-006, 
 35.90,   4.58E-006, 
 36.00,   4.62E-006, 
 36.10,   2.66E-006, 
 36.20,   2.29E-007, 
 36.30,   5.55E-008, 
 36.40,   8.64E-008, 
 36.50,   2.68E-007, 
 36.60,   9.23E-007, 
 36.70,   1.28E-006, 
 36.80,   1.49E-006, 
 36.90,   1.57E-006, 
 37.00,   1.55E-006, 
 37.10,   1.09E-006, 
 37.20,   2.32E-007, 
 37.30,   7.83E-008, 
 37.40,   1.48E-007, 
 37.50,   4.45E-007, 
 37.60,   1.65E-006, 
 37.70,   2.31E-006, 
 37.80,   2.67E-006, 
 37.90,   2.86E-006, 
 38.00,   2.83E-006, 
 38.10,   1.96E-006, 
 38.20,   3.62E-007, 
 38.30,   8.82E-008, 
 38.40,   1.57E-007, 
 38.50,   3.53E-007, 
 38.60,   1.62E-006, 
 38.70,   2.85E-006, 
 38.80,   3.25E-006, 
 38.90,   3.72E-006, 
 39.00,   3.60E-006, 
 39.10,   3.04E-006, 
 39.20,   7.80E-007, 
 39.30,   9.75E-008, 
 39.40,   1.51E-007, 
 39.50,   3.46E-007, 
 39.60,   1.54E-006, 
 39.70,   2.77E-006, 
 39.80,   3.16E-006, 
 39.90,   3.62E-006, 
 40.00,   3.49E-006, 
 40.10,   3.01E-006, 
 40.20,   8.01E-007, 
 40.30,   5.66E-008, 
 40.40,   3.69E-008, 
 40.50,   7.07E-008, 
 40.60,   3.01E-007, 
 40.70,   5.40E-007, 
 40.80,   6.45E-007, 
 40.90,   7.39E-007, 
 41.00,   7.45E-007, 
 41.10,   6.29E-007, 
 41.20,   2.25E-007, 
 41.30,   1.01E-007, 
 41.40,   1.37E-007, 
 41.50,   2.53E-007, 
 41.60,   8.39E-007, 
 41.70,   1.27E-006, 
 41.80,   1.54E-006, 
 41.90,   1.71E-006, 
 42.00,   1.81E-006, 
 42.10,   1.45E-006, 
 42.20,   5.57E-007, 
 42.30,   6.05E-007, 
 42.40,   1.11E-006, 
 42.50,   2.23E-006, 
 42.60,   8.22E-006, 
 42.70,   1.45E-005, 
 42.80,   1.76E-005, 
 42.90,   2.11E-005, 
 43.00,   2.04E-005, 
 43.10,   1.62E-005, 
 43.20,   3.29E-006, 
 43.30,   1.11E-007, 
 43.40,   5.48E-008, 
 43.50,   8.01E-008, 
 43.60,   3.31E-007, 
 43.70,   5.48E-007, 
 43.80,   6.92E-007, 
 43.90,   7.40E-007, 
 44.00,   7.50E-007, 
 44.10,   5.06E-007, 
 44.20,   1.24E-007, 
 44.30,   2.09E-008, 
 44.40,   1.17E-008, 
 44.50,   1.17E-008, 
 44.60,   3.28E-008, 
 44.70,   8.72E-008, 
 44.80,   1.14E-007, 
 44.90,   1.33E-007, 
 45.00,   1.32E-007, 
 45.10,   1.09E-007, 
 45.20,   4.27E-008, 
 45.30,   1.34E-008, 
 45.40,   7.18E-009, 
 45.50,   5.85E-009, 
 45.60,   6.84E-009, 
 45.70,   1.11E-008, 
 45.80,   1.70E-008, 
 45.90,   2.66E-008, 
 46.00,   3.83E-008, 
 46.10,   5.19E-008, 
 46.20,   6.84E-008, 
 46.30,   1.18E-007, 
 46.40,   2.12E-007, 
 46.50,   6.20E-007, 
 46.60,   2.02E-006, 
 46.70,   2.61E-006, 
 46.80,   3.30E-006, 
 46.90,   3.15E-006, 
 47.00,   3.12E-006, 
 47.10,   1.31E-006, 
 47.20,   1.28E-007, 
 47.30,   5.19E-008, 
 47.40,   7.93E-008, 
 47.50,   2.27E-007, 
 47.60,   7.98E-007, 
 47.70,   1.06E-006, 
 47.80,   1.37E-006, 
 47.90,   1.32E-006, 
 48.00,   1.31E-006, 
 48.10,   5.94E-007, 
 48.20,   8.89E-008, 
 48.30,   4.08E-008, 
 48.40,   5.91E-008, 
 48.50,   1.75E-007, 
 48.60,   6.16E-007, 
 48.70,   8.22E-007, 
 48.80,   1.06E-006, 
 48.90,   1.01E-006, 
 49.00,   9.84E-007, 
 49.10,   4.33E-007, 
 49.20,   6.57E-008, 
 49.30,   2.43E-008, 
 49.40,   2.75E-008, 
 49.50,   6.46E-008, 
 49.60,   2.81E-007, 
 49.70,   3.91E-007, 
 49.80,   5.14E-007, 
 49.90,   4.89E-007, 
 50.00,   4.90E-007, 
 50.10,   2.41E-007, 
 50.20,   4.69E-008, 
 50.30,   1.28E-008, 
 50.40,   6.60E-009, 
 50.50,   4.76E-009, 
 50.60,   7.44E-009, 
 50.70,   1.37E-008, 
 50.80,   2.00E-008, 
 50.90,   2.38E-008, 
 51.00,   2.49E-008, 
 51.10,   2.03E-008, 
 51.20,   1.15E-008, 
 51.30,   6.03E-009, 
 51.40,   4.23E-009, 
 51.50,   4.57E-009, 
 51.60,   1.19E-008, 
 51.70,   2.60E-008, 
 51.80,   3.89E-008, 
 51.90,   4.46E-008, 
 52.00,   4.57E-008, 
 52.10,   3.39E-008, 
 52.20,   1.62E-008, 
 52.30,   7.85E-009, 
 52.40,   5.61E-009, 
 52.50,   6.13E-009, 
 52.60,   1.67E-008, 
 52.70,   4.07E-008, 
 52.80,   6.25E-008, 
 52.90,   7.18E-008, 
 53.00,   7.28E-008, 
 53.10,   5.09E-008, 
 53.20,   2.14E-008, 
 53.30,   8.47E-009, 
 53.40,   4.59E-009, 
 53.50,   3.08E-009, 
 53.60,   3.60E-009, 
 53.70,   7.26E-009, 
 53.80,   1.16E-008, 
 53.90,   1.56E-008, 
 54.00,   1.69E-008, 
 54.10,   1.66E-008, 
 54.20,   1.17E-008, 
 54.30,   6.99E-009, 
 54.40,   5.62E-009, 
 54.50,   6.83E-009, 
 54.60,   1.76E-008, 
 54.70,   5.92E-008, 
 54.80,   9.41E-008, 
 54.90,   1.19E-007, 
 55.00,   1.15E-007, 
 55.10,   9.47E-008, 
 55.20,   4.27E-008, 
 55.30,   1.55E-008, 
 55.40,   9.54E-009, 
 55.50,   9.72E-009, 
 55.60,   1.85E-008, 
 55.70,   7.75E-008, 
 55.80,   1.25E-007, 
 55.90,   1.70E-007, 
 56.00,   1.60E-007, 
 56.10,   1.48E-007, 
 56.20,   7.23E-008, 
 56.30,   2.32E-008, 
 56.40,   1.42E-008, 
 56.50,   1.62E-008, 
 56.60,   4.21E-008, 
 56.70,   1.28E-007, 
 56.80,   1.79E-007, 
 56.90,   2.23E-007, 
 57.00,   2.36E-007, 
 57.10,   2.15E-007, 
 57.20,   1.46E-007, 
 57.30,   1.47E-007, 
 57.40,   2.53E-007, 
 57.50,   4.22E-007, 
 57.60,   1.55E-006, 
 57.70,   4.12E-006, 
 57.80,   5.44E-006, 
 57.90,   6.61E-006, 
 58.00,   6.32E-006, 
 58.10,   4.40E-006, 
 58.20,   1.25E-006, 
 58.30,   6.98E-008, 
 58.40,   2.94E-008, 
 58.50,   2.85E-008, 
 58.60,   6.26E-008, 
 58.70,   1.95E-007, 
 58.80,   2.66E-007, 
 58.90,   3.26E-007, 
 59.00,   3.15E-007, 
 59.10,   2.37E-007, 
 59.20,   9.50E-008, 
 59.30,   2.50E-008, 
 59.40,   1.48E-008, 
 59.50,   1.23E-008, 
 59.60,   1.13E-008, 
 59.70,   1.38E-008, 
 59.80,   1.87E-008, 
 59.90,   2.44E-008, 
 60.00,   2.57E-008, 
 60.10,   2.35E-008, 
 60.20,   1.53E-008, 
 60.30,   9.00E-009, 
 60.40,   6.41E-009, 
 60.50,   5.68E-009, 
 60.60,   7.28E-009, 
 60.70,   1.42E-008, 
 60.80,   2.25E-008, 
 60.90,   3.00E-008, 
 61.00,   3.09E-008, 
 61.10,   2.51E-008, 
 61.20,   1.41E-008, 
 61.30,   6.55E-009, 
 61.40,   3.56E-009, 
 61.50,   2.30E-009, 
 61.60,   2.04E-009, 
 61.70,   2.65E-009, 
 61.80,   3.70E-009, 
 61.90,   4.56E-009, 
 62.00,   4.86E-009, 
 62.10,   4.10E-009, 
 62.20,   2.58E-009, 
 62.30,   1.49E-009, 
 62.40,   1.04E-009, 
 62.50,   1.07E-009, 
 62.60,   2.47E-009, 
 62.70,   5.01E-009, 
 62.80,   8.06E-009, 
 62.90,   1.02E-008, 
 63.00,   1.09E-008, 
 63.10,   8.13E-009, 
 63.20,   4.52E-009, 
 63.30,   2.32E-009, 
 63.40,   1.36E-009, 
 63.50,   8.19E-010, 
 63.60,   9.02E-010, 
 63.70,   1.53E-009, 
 63.80,   2.25E-009, 
 63.90,   2.89E-009, 
 64.00,   3.12E-009, 
 64.10,   2.67E-009, 
 64.20,   1.86E-009, 
 64.30,   1.25E-009, 
 64.40,   8.39E-010, 
 64.50,   8.23E-010, 
 64.60,   1.11E-009, 
 64.70,   1.79E-009, 
 64.80,   2.78E-009, 
 64.90,   3.55E-009, 
 65.00,   4.04E-009, 
 65.10,   3.37E-009, 
 65.20,   2.15E-009, 
 65.30,   1.38E-009, 
 65.40,   9.54E-010, 
 65.50,   7.47E-010, 
 65.60,   5.88E-010, 
 65.70,   6.19E-010, 
 65.80,   8.59E-010, 
 65.90,   1.18E-009, 
 66.00,   1.43E-009, 
 66.10,   1.26E-009, 
 66.20,   8.34E-010, 
 66.30,   4.83E-010, 
 66.40,   2.44E-010, 
 66.50,   1.25E-010, 
 66.60,   2.15E-010, 
 66.70,   8.88E-010, 
 66.80,   2.00E-009, 
 66.90,   3.17E-009, 
 67.00,   3.97E-009, 
 67.10,   3.99E-009, 
 67.20,   2.92E-009, 
 67.30,   1.58E-009, 
 67.40,   8.60E-010, 
 67.50,   4.95E-010, 
 67.60,   4.31E-010, 
 67.70,   8.14E-010, 
 67.80,   1.59E-009, 
 67.90,   2.36E-009, 
 68.00,   2.98E-009, 
 68.10,   3.13E-009, 
 68.20,   2.61E-009, 
 68.30,   1.81E-009, 
 68.40,   1.51E-009, 
 68.50,   1.64E-009, 
 68.60,   2.64E-009, 
 68.70,   8.47E-009, 
 68.80,   1.88E-008, 
 68.90,   3.01E-008, 
 69.00,   3.53E-008, 
 69.10,   3.30E-008, 
 69.20,   2.14E-008, 
 69.30,   1.07E-008, 
 69.40,   6.51E-009, 
 69.50,   7.24E-009, 
 69.60,   1.71E-008, 
 69.70,   3.65E-008, 
 69.80,   5.53E-008, 
 69.90,   6.55E-008, 
 70.00,   5.39E-008, 
 70.10,   3.13E-008, 
 70.20,   1.50E-008, 
 70.30,   6.88E-009, 
 70.40,   3.66E-009, 
 70.50,   2.25E-009, 
 70.60,   1.68E-009, 
 70.70,   1.80E-009, 
 70.80,   2.18E-009, 
 70.90,   2.72E-009, 
 71.00,   3.11E-009, 
 71.10,   2.96E-009, 
 71.20,   2.39E-009, 
 71.30,   1.91E-009, 
 71.40,   1.75E-009, 
 71.50,   2.78E-009, 
 71.60,   7.84E-009, 
 71.70,   1.59E-008, 
 71.80,   2.37E-008, 
 71.90,   2.82E-008, 
 72.00,   2.40E-008, 
 72.10,   1.44E-008, 
 72.20,   6.88E-009, 
 72.30,   3.49E-009, 
 72.40,   2.15E-009, 
 72.50,   1.45E-009, 
 72.60,   1.53E-009, 
 72.70,   2.90E-009, 
 72.80,   5.12E-009, 
 72.90,   7.52E-009, 
 73.00,   8.84E-009, 
 73.10,   7.82E-009, 
 73.20,   5.21E-009, 
 73.30,   2.85E-009, 
 73.40,   1.66E-009, 
 73.50,   1.33E-009, 
 73.60,   1.83E-009, 
 73.70,   3.23E-009, 
 73.80,   4.82E-009, 
 73.90,   6.24E-009, 
 74.00,   6.22E-009, 
 74.10,   4.51E-009, 
 74.20,   2.56E-009, 
 74.30,   1.40E-009, 
 74.40,   8.03E-010, 
 74.50,   5.05E-010, 
 74.60,   4.88E-010, 
 74.70,   7.38E-010, 
 74.80,   1.26E-009, 
 74.90,   1.68E-009, 
 75.00,   1.90E-009, 
 75.10,   1.75E-009, 
 75.20,   1.14E-009, 
 75.30,   6.27E-010, 
 75.40,   3.67E-010, 
 75.50,   3.81E-010, 
 75.60,   6.71E-010, 
 75.70,   1.59E-009, 
 75.80,   3.06E-009, 
 75.90,   4.39E-009, 
 76.00,   5.11E-009, 
 76.10,   4.49E-009, 
 76.20,   2.93E-009, 
 76.30,   1.66E-009, 
 76.40,   9.41E-010, 
 76.50,   6.03E-010, 
 76.60,   5.66E-010, 
 76.70,   1.11E-009, 
 76.80,   2.04E-009, 
 76.90,   3.01E-009, 
 77.00,   3.76E-009, 
 77.10,   3.47E-009, 
 77.20,   2.53E-009, 
 77.30,   1.46E-009, 
 77.40,   7.63E-010, 
 77.50,   4.42E-010, 
 77.60,   4.52E-010, 
 77.70,   7.37E-010, 
 77.80,   1.22E-009, 
 77.90,   1.73E-009, 
 78.00,   2.17E-009, 
 78.10,   1.99E-009, 
 78.20,   1.50E-009, 
 78.30,   8.97E-010, 
 78.40,   5.89E-010, 
 78.50,   3.50E-010, 
 78.60,   2.65E-010, 
 78.70,   3.41E-010, 
 78.80,   7.61E-010, 
 78.90,   1.32E-009, 
 79.00,   1.85E-009, 
 79.10,   1.87E-009, 
 79.20,   1.31E-009, 
 79.30,   7.48E-010, 
 79.40,   3.96E-010, 
 79.50,   2.18E-010, 
 79.60,   1.48E-010, 
 79.70,   1.70E-010, 
 79.80,   2.22E-010, 
 79.90,   2.63E-010, 
 80.00,   3.22E-010, 
