Apr 28, 2026  11:31:08 AM
Residual Gas Analyzer Software 
Software Version, 3.214.004

Analog Scan Setup:

Data Points in Scan, 791 
Units, Torr 
Noise Floor, 2 
CEM Status, OFF 
Points Per AMU, 10
Scan Start Mass, 1, amu 
Scan Stop Mass, 80, amu
Focus Voltage, 90, Volts 
Ion Energy, HIGH 
Electron Energy, 70, eV 
CEM Voltage, 1000, Volts
CEM Gain, 1.00E+006 
Sensitivity Factor, 1.56E-004 
Filament Current, 1.00, mAmps


  1.00,   9.58E-011, 
  1.10,   2.72E-010, 
  1.20,   2.07E-009, 
  1.30,   1.60E-008, 
  1.40,   1.02E-008, 
  1.50,   5.92E-009, 
  1.60,   5.67E-009, 
  1.70,   9.78E-009, 
  1.80,   2.02E-008, 
  1.90,   2.92E-008, 
  2.00,   3.54E-008, 
  2.10,   3.34E-008, 
  2.20,   2.98E-008, 
  2.30,   2.14E-008, 
  2.40,   9.24E-009, 
  2.50,   4.23E-009, 
  2.60,   2.19E-009, 
  2.70,   1.16E-009, 
  2.80,   7.49E-010, 
  2.90,   4.69E-010, 
  3.00,   3.41E-010, 
  3.10,   2.46E-010, 
  3.20,   1.15E-010, 
  3.30,   6.62E-011, 
  3.40,  -7.71E-012, 
  3.50,  -8.87E-011, 
  3.60,  -1.65E-010, 
  3.70,  -1.43E-010, 
  3.80,  -2.05E-010, 
  3.90,  -1.79E-010, 
  4.00,  -1.45E-010, 
  4.10,  -1.91E-010, 
  4.20,  -2.53E-010, 
  4.30,  -2.19E-010, 
  4.40,  -2.11E-010, 
  4.50,  -2.03E-010, 
  4.60,  -1.63E-010, 
  4.70,  -1.77E-010, 
  4.80,  -1.87E-010, 
  4.90,  -2.24E-010, 
  5.00,  -2.46E-010, 
  5.10,  -1.93E-010, 
  5.20,  -2.05E-010, 
  5.30,  -1.39E-010, 
  5.40,  -1.63E-010, 
  5.50,  -2.73E-010, 
  5.60,  -3.84E-010, 
  5.70,  -5.00E-010, 
  5.80,  -1.60E-010, 
  5.90,  -1.80E-010, 
  6.00,  -1.95E-010, 
  6.10,  -1.84E-010, 
  6.20,  -2.06E-010, 
  6.30,  -1.72E-010, 
  6.40,  -1.98E-010, 
  6.50,  -2.06E-010, 
  6.60,  -1.58E-010, 
  6.70,  -1.67E-010, 
  6.80,  -1.70E-010, 
  6.90,  -2.49E-010, 
  7.00,  -2.60E-010, 
  7.10,  -1.99E-010, 
  7.20,  -1.50E-010, 
  7.30,  -2.04E-010, 
  7.40,  -2.56E-010, 
  7.50,  -4.96E-010, 
  7.60,  -5.17E-010, 
  7.70,  -1.32E-010, 
  7.80,  -7.01E-011, 
  7.90,  -9.19E-011, 
  8.00,  -7.97E-011, 
  8.10,  -1.32E-010, 
  8.20,  -1.66E-010, 
  8.30,  -1.66E-010, 
  8.40,  -1.34E-010, 
  8.50,  -9.51E-011, 
  8.60,  -1.36E-010, 
  8.70,  -7.26E-011, 
  8.80,  -5.21E-011, 
  8.90,  -7.65E-011, 
  9.00,  -9.13E-011, 
  9.10,  -1.33E-010, 
  9.20,  -1.93E-010, 
  9.30,  -2.06E-010, 
  9.40,  -1.37E-010, 
  9.50,  -6.94E-011, 
  9.60,  -1.69E-010, 
  9.70,  -1.98E-010, 
  9.80,  -2.28E-010, 
  9.90,  -2.05E-010, 
 10.00,  -2.36E-010, 
 10.10,  -2.41E-010, 
 10.20,  -1.81E-010, 
 10.30,  -1.61E-010, 
 10.40,  -1.73E-010, 
 10.50,  -2.01E-010, 
 10.60,  -2.29E-010, 
 10.70,  -2.53E-010, 
 10.80,  -2.24E-010, 
 10.90,  -2.11E-010, 
 11.00,  -2.49E-010, 
 11.10,  -2.72E-010, 
 11.20,  -2.37E-010, 
 11.30,  -2.17E-010, 
 11.40,  -1.60E-010, 
 11.50,  -2.51E-011, 
 11.60,   4.97E-010, 
 11.70,   1.80E-009, 
 11.80,   2.97E-009, 
 11.90,   4.14E-009, 
 12.00,   4.93E-009, 
 12.10,   5.03E-009, 
 12.20,   4.11E-009, 
 12.30,   2.25E-009, 
 12.40,   1.16E-009, 
 12.50,   6.74E-010, 
 12.60,   7.14E-010, 
 12.70,   1.35E-009, 
 12.80,   2.08E-009, 
 12.90,   2.67E-009, 
 13.00,   3.07E-009, 
 13.10,   3.12E-009, 
 13.20,   2.64E-009, 
 13.30,   1.67E-009, 
 13.40,   1.21E-009, 
 13.50,   1.66E-009, 
 13.60,   6.69E-009, 
 13.70,   1.90E-008, 
 13.80,   2.82E-008, 
 13.90,   3.25E-008, 
 14.00,   3.44E-008, 
 14.10,   3.11E-008, 
 14.20,   2.18E-008, 
 14.30,   9.06E-009, 
 14.40,   4.34E-009, 
 14.50,   2.71E-009, 
 14.60,   3.13E-009, 
 14.70,   6.65E-009, 
 14.80,   1.04E-008, 
 14.90,   1.29E-008, 
 15.00,   1.41E-008, 
 15.10,   1.39E-008, 
 15.20,   1.16E-008, 
 15.30,   6.27E-009, 
 15.40,   3.55E-009, 
 15.50,   3.36E-009, 
 15.60,   9.04E-009, 
 15.70,   2.34E-008, 
 15.80,   3.33E-008, 
 15.90,   3.69E-008, 
 16.00,   3.82E-008, 
 16.10,   3.47E-008, 
 16.20,   2.38E-008, 
 16.30,   1.04E-008, 
 16.40,   6.80E-009, 
 16.50,   9.91E-009, 
 16.60,   5.38E-008, 
 16.70,   1.25E-007, 
 16.80,   1.49E-007, 
 16.90,   1.50E-007, 
 17.00,   1.53E-007, 
 17.10,   1.30E-007, 
 17.20,   6.66E-008, 
 17.30,   2.00E-008, 
 17.40,   1.76E-008, 
 17.50,   4.22E-008, 
 17.60,   2.80E-007, 
 17.70,   4.66E-007, 
 17.80,   5.33E-007, 
 17.90,   5.17E-007, 
 18.00,   5.14E-007, 
 18.10,   4.29E-007, 
 18.20,   1.80E-007, 
 18.30,   2.17E-008, 
 18.40,   9.01E-009, 
 18.50,   5.29E-009, 
 18.60,   4.38E-009, 
 18.70,   4.73E-009, 
 18.80,   5.16E-009, 
 18.90,   5.41E-009, 
 19.00,   5.54E-009, 
 19.10,   5.26E-009, 
 19.20,   4.12E-009, 
 19.30,   2.35E-009, 
 19.40,   1.44E-009, 
 19.50,   1.03E-009, 
 19.60,   1.09E-009, 
 19.70,   1.52E-009, 
 19.80,   1.89E-009, 
 19.90,   2.14E-009, 
 20.00,   2.25E-009, 
 20.10,   2.16E-009, 
 20.20,   1.72E-009, 
 20.30,   9.65E-010, 
 20.40,   5.09E-010, 
 20.50,   2.85E-010, 
 20.60,   1.35E-010, 
 20.70,   9.64E-012, 
 20.80,  -1.48E-011, 
 20.90,  -1.25E-010, 
 21.00,  -1.12E-010, 
 21.10,  -5.08E-011, 
 21.20,  -6.75E-011, 
 21.30,  -1.44E-010, 
 21.40,  -1.73E-010, 
 21.50,  -1.46E-010, 
 21.60,  -1.20E-010, 
 21.70,  -1.03E-011, 
 21.80,   5.40E-011, 
 21.90,   1.55E-010, 
 22.00,   1.25E-010, 
 22.10,   4.76E-011, 
 22.20,  -6.81E-011, 
 22.30,  -7.71E-011, 
 22.40,  -1.12E-010, 
 22.50,  -1.05E-010, 
 22.60,  -1.48E-010, 
 22.70,  -1.11E-010, 
 22.80,  -8.80E-011, 
 22.90,  -1.20E-010, 
 23.00,  -1.07E-010, 
 23.10,  -1.45E-010, 
 23.20,  -1.04E-010, 
 23.30,  -1.38E-010, 
 23.40,  -7.71E-011, 
 23.50,  -1.29E-011, 
 23.60,  -1.93E-011, 
 23.70,   6.81E-011, 
 23.80,   1.53E-010, 
 23.90,   1.57E-010, 
 24.00,   1.66E-010, 
 24.10,   1.57E-010, 
 24.20,   1.67E-010, 
 24.30,   8.23E-011, 
 24.40,   4.50E-012, 
 24.50,   1.74E-011, 
 24.60,   9.19E-011, 
 24.70,   2.89E-010, 
 24.80,   4.94E-010, 
 24.90,   6.86E-010, 
 25.00,   7.33E-010, 
 25.10,   7.37E-010, 
 25.20,   5.60E-010, 
 25.30,   3.87E-010, 
 25.40,   2.80E-010, 
 25.50,   2.44E-010, 
 25.60,   8.89E-010, 
 25.70,   2.07E-009, 
 25.80,   3.34E-009, 
 25.90,   4.07E-009, 
 26.00,   4.28E-009, 
 26.10,   4.27E-009, 
 26.20,   3.29E-009, 
 26.30,   1.81E-009, 
 26.40,   1.10E-009, 
 26.50,   8.54E-010, 
 26.60,   1.85E-009, 
 26.70,   4.24E-009, 
 26.80,   7.00E-009, 
 26.90,   8.85E-009, 
 27.00,   9.88E-009, 
 27.10,   1.04E-008, 
 27.20,   9.77E-009, 
 27.30,   1.01E-008, 
 27.40,   1.67E-008, 
 27.50,   6.09E-008, 
 27.60,   3.15E-007, 
 27.70,   4.69E-007, 
 27.80,   5.44E-007, 
 27.90,   5.18E-007, 
 28.00,   4.69E-007, 
 28.10,   3.70E-007, 
 28.20,   9.47E-008, 
 28.30,   1.59E-008, 
 28.40,   7.16E-009, 
 28.50,   4.72E-009, 
 28.60,   5.81E-009, 
 28.70,   8.96E-009, 
 28.80,   1.22E-008, 
 28.90,   1.38E-008, 
 29.00,   1.41E-008, 
 29.10,   1.29E-008, 
 29.20,   8.50E-009, 
 29.30,   4.81E-009, 
 29.40,   3.66E-009, 
 29.50,   5.56E-009, 
 29.60,   2.05E-008, 
 29.70,   4.27E-008, 
 29.80,   5.73E-008, 
 29.90,   5.85E-008, 
 30.00,   5.43E-008, 
 30.10,   4.35E-008, 
 30.20,   1.93E-008, 
 30.30,   7.53E-009, 
 30.40,   3.81E-009, 
 30.50,   2.30E-009, 
 30.60,   2.19E-009, 
 30.70,   2.62E-009, 
 30.80,   3.29E-009, 
 30.90,   3.68E-009, 
 31.00,   3.91E-009, 
 31.10,   3.92E-009, 
 31.20,   3.28E-009, 
 31.30,   2.77E-009, 
 31.40,   3.73E-009, 
 31.50,   9.10E-009, 
 31.60,   4.11E-008, 
 31.70,   8.23E-008, 
 31.80,   1.00E-007, 
 31.90,   1.02E-007, 
 32.00,   9.28E-008, 
 32.10,   6.92E-008, 
 32.20,   2.39E-008, 
 32.30,   8.55E-009, 
 32.40,   4.21E-009, 
 32.50,   2.36E-009, 
 32.60,   1.45E-009, 
 32.70,   9.99E-010, 
 32.80,   7.01E-010, 
 32.90,   5.57E-010, 
 33.00,   4.31E-010, 
 33.10,   3.57E-010, 
 33.20,   2.59E-010, 
 33.30,   1.34E-010, 
 33.40,   1.94E-010, 
 33.50,   2.10E-010, 
 33.60,   2.05E-010, 
 33.70,   2.20E-010, 
 33.80,   2.78E-010, 
 33.90,   3.80E-010, 
 34.00,   4.92E-010, 
 34.10,   5.62E-010, 
 34.20,   5.62E-010, 
 34.30,   7.66E-010, 
 34.40,   1.34E-009, 
 34.50,   3.98E-009, 
 34.60,   1.37E-008, 
 34.70,   2.66E-008, 
 34.80,   3.42E-008, 
 34.90,   3.66E-008, 
 35.00,   3.44E-008, 
 35.10,   2.51E-008, 
 35.20,   1.23E-008, 
 35.30,   8.29E-009, 
 35.40,   9.80E-009, 
 35.50,   2.87E-008, 
 35.60,   1.15E-007, 
 35.70,   1.78E-007, 
 35.80,   1.91E-007, 
 35.90,   2.01E-007, 
 36.00,   1.74E-007, 
 36.10,   9.72E-008, 
 36.20,   2.29E-008, 
 36.30,   8.55E-009, 
 36.40,   4.72E-009, 
 36.50,   3.91E-009, 
 36.60,   5.99E-009, 
 36.70,   9.42E-009, 
 36.80,   1.23E-008, 
 36.90,   1.38E-008, 
 37.00,   1.37E-008, 
 37.10,   1.10E-008, 
 37.20,   6.27E-009, 
 37.30,   3.94E-009, 
 37.40,   3.74E-009, 
 37.50,   7.46E-009, 
 37.60,   2.47E-008, 
 37.70,   4.73E-008, 
 37.80,   5.80E-008, 
 37.90,   6.26E-008, 
 38.00,   5.70E-008, 
 38.10,   3.72E-008, 
 38.20,   1.42E-008, 
 38.30,   6.24E-009, 
 38.40,   3.36E-009, 
 38.50,   2.10E-009, 
 38.60,   2.19E-009, 
 38.70,   3.26E-009, 
 38.80,   4.57E-009, 
 38.90,   5.50E-009, 
 39.00,   6.08E-009, 
 39.10,   5.76E-009, 
 39.20,   4.02E-009, 
 39.30,   2.29E-009, 
 39.40,   1.57E-009, 
 39.50,   1.96E-009, 
 39.60,   4.57E-009, 
 39.70,   8.65E-009, 
 39.80,   1.21E-008, 
 39.90,   1.39E-008, 
 40.00,   1.42E-008, 
 40.10,   1.14E-008, 
 40.20,   6.33E-009, 
 40.30,   3.27E-009, 
 40.40,   1.92E-009, 
 40.50,   1.33E-009, 
 40.60,   1.48E-009, 
 40.70,   2.34E-009, 
 40.80,   3.46E-009, 
 40.90,   4.36E-009, 
 41.00,   4.95E-009, 
 41.10,   4.78E-009, 
 41.20,   3.45E-009, 
 41.30,   2.08E-009, 
 41.40,   1.33E-009, 
 41.50,   1.15E-009, 
 41.60,   1.60E-009, 
 41.70,   2.75E-009, 
 41.80,   4.18E-009, 
 41.90,   5.17E-009, 
 42.00,   5.72E-009, 
 42.10,   5.49E-009, 
 42.20,   3.96E-009, 
 42.30,   2.60E-009, 
 42.40,   2.15E-009, 
 42.50,   2.70E-009, 
 42.60,   7.45E-009, 
 42.70,   1.73E-008, 
 42.80,   2.66E-008, 
 42.90,   3.11E-008, 
 43.00,   3.28E-008, 
 43.10,   2.79E-008, 
 43.20,   1.47E-008, 
 43.30,   6.96E-009, 
 43.40,   4.59E-009, 
 43.50,   5.36E-009, 
 43.60,   1.47E-008, 
 43.70,   3.09E-008, 
 43.80,   4.09E-008, 
 43.90,   4.61E-008, 
 44.00,   4.51E-008, 
 44.10,   3.19E-008, 
 44.20,   1.36E-008, 
 44.30,   5.97E-009, 
 44.40,   3.15E-009, 
 44.50,   2.00E-009, 
 44.60,   1.59E-009, 
 44.70,   1.82E-009, 
 44.80,   2.32E-009, 
 44.90,   2.65E-009, 
 45.00,   2.86E-009, 
 45.10,   2.81E-009, 
 45.20,   1.95E-009, 
 45.30,   1.10E-009, 
 45.40,   6.13E-010, 
 45.50,   3.76E-010, 
 45.60,   3.35E-010, 
 45.70,   3.16E-010, 
 45.80,   4.44E-010, 
 45.90,   5.36E-010, 
 46.00,   5.82E-010, 
 46.10,   6.29E-010, 
 46.20,   4.90E-010, 
 46.30,   3.97E-010, 
 46.40,   3.49E-010, 
 46.50,   6.74E-010, 
 46.60,   2.07E-009, 
 46.70,   4.37E-009, 
 46.80,   6.44E-009, 
 46.90,   7.93E-009, 
 47.00,   8.54E-009, 
 47.10,   6.70E-009, 
 47.20,   3.66E-009, 
 47.30,   1.93E-009, 
 47.40,   1.13E-009, 
 47.50,   8.30E-010, 
 47.60,   1.16E-009, 
 47.70,   1.86E-009, 
 47.80,   2.71E-009, 
 47.90,   3.23E-009, 
 48.00,   3.55E-009, 
 48.10,   2.98E-009, 
 48.20,   1.87E-009, 
 48.30,   1.05E-009, 
 48.40,   6.95E-010, 
 48.50,   5.94E-010, 
 48.60,   7.83E-010, 
 48.70,   1.45E-009, 
 48.80,   2.10E-009, 
 48.90,   2.72E-009, 
 49.00,   3.04E-009, 
 49.10,   2.60E-009, 
 49.20,   1.65E-009, 
 49.30,   8.62E-010, 
 49.40,   5.89E-010, 
 49.50,   5.42E-010, 
 49.60,   8.19E-010, 
 49.70,   1.33E-009, 
 49.80,   2.00E-009, 
 49.90,   2.44E-009, 
 50.00,   2.70E-009, 
 50.10,   2.39E-009, 
 50.20,   1.46E-009, 
 50.30,   8.05E-010, 
 50.40,   4.23E-010, 
 50.50,   2.36E-010, 
 50.60,   1.22E-010, 
 50.70,   1.27E-010, 
 50.80,   1.15E-010, 
 50.90,   1.52E-010, 
 51.00,   1.61E-010, 
 51.10,   1.67E-010, 
 51.20,   8.55E-011, 
 51.30,   3.92E-011, 
 51.40,  -1.16E-011, 
 51.50,  -4.69E-011, 
 51.60,   3.21E-011, 
 51.70,   1.57E-010, 
 51.80,   2.89E-010, 
 51.90,   4.49E-010, 
 52.00,   5.42E-010, 
 52.10,   4.22E-010, 
 52.20,   2.04E-010, 
 52.30,   6.56E-011, 
 52.40,   4.82E-011, 
 52.50,  -2.38E-011, 
 52.60,  -2.70E-011, 
 52.70,   1.67E-011, 
 52.80,   5.78E-011, 
 52.90,   8.68E-011, 
 53.00,   1.11E-010, 
 53.10,   1.30E-010, 
 53.20,   1.13E-010, 
 53.30,   4.18E-011, 
 53.40,  -6.43E-011, 
 53.50,  -9.13E-011, 
 53.60,  -4.05E-011, 
 53.70,   5.98E-011, 
 53.80,   1.12E-010, 
 53.90,   1.80E-010, 
 54.00,   2.28E-010, 
 54.10,   1.72E-010, 
 54.20,   7.78E-011, 
 54.30,   1.12E-010, 
 54.40,   7.65E-011, 
 54.50,  -4.18E-011, 
 54.60,  -2.06E-011, 
 54.70,   7.97E-011, 
 54.80,   3.37E-010, 
 54.90,   5.51E-010, 
 55.00,   5.82E-010, 
 55.10,   6.63E-010, 
 55.20,   5.06E-010, 
 55.30,   2.35E-010, 
 55.40,   1.44E-010, 
 55.50,  -6.43E-013, 
 55.60,   1.21E-010, 
 55.70,   4.33E-010, 
 55.80,   8.93E-010, 
 55.90,   1.34E-009, 
 56.00,   1.69E-009, 
 56.10,   1.83E-009, 
 56.20,   1.49E-009, 
 56.30,   7.87E-010, 
 56.40,   4.81E-010, 
 56.50,   2.48E-010, 
 56.60,   9.58E-011, 
 56.70,   1.44E-010, 
 56.80,   1.46E-010, 
 56.90,   2.37E-010, 
 57.00,   2.72E-010, 
 57.10,   2.44E-010, 
 57.20,   1.52E-010, 
 57.30,   1.41E-010, 
 57.40,   1.40E-010, 
 57.50,   1.70E-010, 
 57.60,   4.31E-010, 
 57.70,   1.40E-009, 
 57.80,   2.88E-009, 
 57.90,   4.20E-009, 
 58.00,   5.09E-009, 
 58.10,   5.04E-009, 
 58.20,   3.55E-009, 
 58.30,   1.93E-009, 
 58.40,   9.54E-010, 
 58.50,   5.48E-010, 
 58.60,   2.90E-010, 
 58.70,   2.26E-010, 
 58.80,   2.60E-010, 
 58.90,   2.94E-010, 
 59.00,   2.94E-010, 
 59.10,   2.44E-010, 
 59.20,   1.97E-010, 
 59.30,   8.87E-011, 
 59.40,  -1.29E-012, 
 59.50,   2.70E-011, 
 59.60,  -2.51E-011, 
 59.70,   1.35E-011, 
 59.80,   6.23E-011, 
 59.90,   4.18E-011, 
 60.00,  -1.74E-011, 
 60.10,  -1.54E-011, 
 60.20,  -9.00E-011, 
 60.30,  -1.74E-010, 
 60.40,  -1.57E-010, 
 60.50,  -1.00E-010, 
 60.60,  -9.00E-011, 
 60.70,  -5.01E-011, 
 60.80,   1.54E-011, 
 60.90,   1.44E-010, 
 61.00,   1.63E-010, 
 61.10,   9.45E-011, 
 61.20,  -4.50E-012, 
 61.30,   2.57E-011, 
 61.40,   7.07E-012, 
 61.50,  -9.32E-011, 
 61.60,  -7.26E-011, 
 61.70,  -5.72E-011, 
 61.80,  -5.14E-012, 
 61.90,  -6.43E-012, 
 62.00,  -7.52E-011, 
 62.10,  -1.04E-010, 
 62.20,  -1.02E-010, 
 62.30,  -2.96E-011, 
 62.40,   1.93E-012, 
 62.50,  -4.24E-011, 
 62.60,   8.35E-012, 
 62.70,   1.93E-012, 
 62.80,  -1.29E-011, 
 62.90,   1.07E-010, 
 63.00,   1.63E-010, 
 63.10,   1.27E-010, 
 63.20,   1.03E-010, 
 63.30,   2.83E-011, 
 63.40,  -5.27E-011, 
 63.50,  -1.16E-011, 
 63.60,  -3.28E-011, 
 63.70,   2.44E-011, 
 63.80,   7.97E-011, 
 63.90,   3.98E-011, 
 64.00,   1.41E-010, 
 64.10,   1.21E-010, 
 64.20,   5.01E-011, 
 64.30,  -6.43E-012, 
 64.40,  -1.35E-011, 
 64.50,   2.89E-011, 
 64.60,  -1.67E-011, 
 64.70,  -1.03E-011, 
 64.80,   9.00E-012, 
 64.90,   3.53E-011, 
 65.00,   2.31E-011, 
 65.10,   7.71E-012, 
 65.20,  -2.31E-011, 
 65.30,  -7.65E-011, 
 65.40,  -5.08E-011, 
 65.50,  -4.24E-011, 
 65.60,  -8.10E-011, 
 65.70,  -7.39E-011, 
 65.80,  -1.82E-010, 
 65.90,  -1.63E-010, 
 66.00,  -1.26E-010, 
 66.10,  -9.32E-011, 
 66.20,  -5.14E-011, 
 66.30,  -3.02E-011, 
 66.40,  -1.48E-011, 
 66.50,  -7.84E-011, 
 66.60,  -3.47E-011, 
 66.70,  -4.11E-011, 
 66.80,  -5.78E-011, 
 66.90,   4.05E-011, 
 67.00,   4.24E-011, 
 67.10,   1.36E-010, 
 67.20,   8.80E-011, 
 67.30,  -8.35E-012, 
 67.40,  -2.06E-011, 
 67.50,  -4.76E-011, 
 67.60,   2.25E-011, 
 67.70,   6.68E-011, 
 67.80,   2.06E-011, 
 67.90,  -6.43E-011, 
 68.00,  -7.52E-011, 
 68.10,  -1.19E-010, 
 68.20,  -1.61E-010, 
 68.30,  -1.67E-010, 
 68.40,  -1.51E-010, 
 68.50,  -1.71E-010, 
 68.60,  -1.59E-010, 
 68.70,  -6.11E-011, 
 68.80,   1.16E-010, 
 68.90,   1.54E-010, 
 69.00,   2.40E-010, 
 69.10,   2.77E-010, 
 69.20,   1.95E-010, 
 69.30,   9.70E-011, 
 69.40,   7.65E-011, 
 69.50,   1.22E-011, 
 69.60,   1.29E-011, 
 69.70,  -3.21E-012, 
 69.80,   6.04E-011, 
 69.90,   1.69E-010, 
 70.00,   3.27E-010, 
 70.10,   3.13E-010, 
 70.20,   2.54E-010, 
 70.30,   9.25E-011, 
 70.40,  -1.93E-011, 
 70.50,  -2.51E-011, 
 70.60,  -6.62E-011, 
 70.70,  -6.88E-011, 
 70.80,  -2.19E-011, 
 70.90,  -4.56E-011, 
 71.00,  -1.03E-010, 
 71.10,  -1.04E-010, 
 71.20,  -1.11E-010, 
 71.30,  -1.36E-010, 
 71.40,  -1.62E-010, 
 71.50,  -8.35E-011, 
 71.60,  -7.20E-011, 
 71.70,  -6.04E-011, 
 71.80,  -2.83E-011, 
 71.90,   4.18E-011, 
 72.00,   2.70E-011, 
 72.10,  -1.99E-011, 
 72.20,  -6.11E-011, 
 72.30,  -6.36E-011, 
 72.40,  -7.71E-011, 
 72.50,  -6.56E-011, 
 72.60,  -9.06E-011, 
 72.70,  -1.67E-010, 
 72.80,  -2.00E-010, 
 72.90,  -2.21E-010, 
 73.00,  -1.87E-010, 
 73.10,  -8.74E-011, 
 73.20,  -1.03E-010, 
 73.30,  -1.61E-010, 
 73.40,  -1.40E-010, 
 73.50,  -1.84E-010, 
 73.60,  -1.45E-010, 
 73.70,  -9.70E-011, 
 73.80,   1.29E-011, 
 73.90,  -4.43E-011, 
 74.00,  -2.06E-011, 
 74.10,   1.48E-011, 
 74.20,   3.53E-011, 
 74.30,  -2.89E-011, 
 74.40,  -3.60E-011, 
 74.50,   0.00E+000, 
 74.60,   2.31E-011, 
 74.70,   1.48E-011, 
 74.80,   4.76E-011, 
 74.90,   1.93E-011, 
 75.00,  -4.11E-011, 
 75.10,  -8.35E-011, 
 75.20,  -4.05E-011, 
 75.30,  -1.07E-010, 
 75.40,  -1.48E-010, 
 75.50,  -1.35E-010, 
 75.60,  -8.87E-011, 
 75.70,  -1.74E-010, 
 75.80,  -2.29E-010, 
 75.90,  -1.49E-010, 
 76.00,  -1.57E-010, 
 76.10,  -2.11E-010, 
 76.20,  -2.06E-010, 
 76.30,  -2.01E-010, 
 76.40,  -2.14E-010, 
 76.50,  -1.67E-010, 
 76.60,  -6.43E-011, 
 76.70,  -6.68E-011, 
 76.80,  -9.83E-011, 
 76.90,   3.66E-011, 
 77.00,   8.55E-011, 
 77.10,   1.14E-010, 
 77.20,  -7.07E-011, 
 77.30,  -1.14E-010, 
 77.40,  -1.07E-010, 
 77.50,  -1.38E-010, 
 77.60,  -1.41E-010, 
 77.70,  -1.24E-010, 
 77.80,  -8.29E-011, 
 77.90,  -1.11E-010, 
 78.00,  -1.11E-010, 
 78.10,  -7.52E-011, 
 78.20,  -1.83E-010, 
 78.30,  -1.95E-010, 
 78.40,  -1.82E-010, 
 78.50,  -1.68E-010, 
 78.60,  -1.44E-010, 
 78.70,  -1.63E-010, 
 78.80,  -1.35E-010, 
 78.90,  -1.35E-010, 
 79.00,  -1.02E-010, 
 79.10,  -5.53E-011, 
 79.20,  -9.25E-011, 
 79.30,  -1.18E-010, 
 79.40,  -1.45E-010, 
 79.50,  -1.87E-010, 
 79.60,  -1.90E-010, 
 79.70,  -1.66E-010, 
 79.80,  -1.56E-010, 
 79.90,  -1.49E-010, 
 80.00,  -8.23E-011, 
