Apr 28, 2026  12:04:19 PM
Residual Gas Analyzer Software 
Software Version, 3.214.004

Analog Scan Setup:

Data Points in Scan, 791 
Units, Torr 
Noise Floor, 2 
CEM Status, OFF 
Points Per AMU, 10
Scan Start Mass, 1, amu 
Scan Stop Mass, 80, amu
Focus Voltage, 90, Volts 
Ion Energy, HIGH 
Electron Energy, 70, eV 
CEM Voltage, 1000, Volts
CEM Gain, 1.00E+006 
Sensitivity Factor, 1.56E-004 
Filament Current, 1.00, mAmps


  1.00,   8.35E-011, 
  1.10,   2.47E-010, 
  1.20,   2.04E-009, 
  1.30,   1.73E-008, 
  1.40,   1.18E-008, 
  1.50,   7.36E-009, 
  1.60,   8.70E-009, 
  1.70,   1.82E-008, 
  1.80,   4.15E-008, 
  1.90,   5.85E-008, 
  2.00,   7.15E-008, 
  2.10,   6.34E-008, 
  2.20,   5.47E-008, 
  2.30,   3.69E-008, 
  2.40,   1.35E-008, 
  2.50,   5.89E-009, 
  2.60,   3.05E-009, 
  2.70,   1.84E-009, 
  2.80,   1.30E-009, 
  2.90,   1.04E-009, 
  3.00,   7.96E-010, 
  3.10,   5.94E-010, 
  3.20,   4.71E-010, 
  3.30,   4.09E-010, 
  3.40,   2.66E-010, 
  3.50,   5.53E-011, 
  3.60,   4.43E-011, 
  3.70,  -3.41E-011, 
  3.80,  -7.39E-011, 
  3.90,  -3.92E-011, 
  4.00,  -3.47E-011, 
  4.10,  -6.43E-012, 
  4.20,  -1.99E-011, 
  4.30,  -6.62E-011, 
  4.40,  -8.68E-011, 
  4.50,  -8.55E-011, 
  4.60,  -8.10E-011, 
  4.70,  -7.07E-011, 
  4.80,  -3.60E-011, 
  4.90,  -1.64E-010, 
  5.00,  -1.26E-010, 
  5.10,  -1.30E-010, 
  5.20,  -9.83E-011, 
  5.30,  -1.61E-010, 
  5.40,  -2.04E-010, 
  5.50,  -4.20E-010, 
  5.60,  -1.14E-010, 
  5.70,  -1.31E-010, 
  5.80,  -9.77E-011, 
  5.90,  -8.42E-011, 
  6.00,  -1.05E-010, 
  6.10,  -1.30E-010, 
  6.20,  -7.90E-011, 
  6.30,  -1.00E-010, 
  6.40,  -9.70E-011, 
  6.50,  -1.84E-010, 
  6.60,  -1.66E-010, 
  6.70,  -1.85E-010, 
  6.80,  -1.13E-010, 
  6.90,  -8.29E-011, 
  7.00,  -1.25E-010, 
  7.10,  -1.57E-010, 
  7.20,  -1.74E-010, 
  7.30,  -1.19E-010, 
  7.40,  -1.15E-010, 
  7.50,  -1.09E-010, 
  7.60,  -2.70E-011, 
  7.70,  -1.26E-010, 
  7.80,  -1.45E-010, 
  7.90,  -1.20E-010, 
  8.00,  -1.09E-010, 
  8.10,  -6.11E-011, 
  8.20,   1.35E-011, 
  8.30,  -2.76E-011, 
  8.40,  -6.68E-011, 
  8.50,  -1.50E-010, 
  8.60,  -2.46E-010, 
  8.70,  -2.29E-010, 
  8.80,  -1.83E-010, 
  8.90,  -4.43E-010, 
  9.00,  -2.44E-011, 
  9.10,  -6.11E-011, 
  9.20,  -1.02E-010, 
  9.30,  -1.04E-010, 
  9.40,  -1.55E-010, 
  9.50,  -4.02E-010, 
  9.60,  -3.07E-010, 
  9.70,  -5.27E-011, 
  9.80,  -7.78E-011, 
  9.90,  -1.14E-010, 
 10.00,  -1.98E-010, 
 10.10,  -2.13E-010, 
 10.20,  -1.39E-010, 
 10.30,  -8.93E-011, 
 10.40,  -5.53E-011, 
 10.50,  -1.02E-010, 
 10.60,  -1.02E-010, 
 10.70,  -1.27E-010, 
 10.80,  -1.25E-010, 
 10.90,  -1.18E-010, 
 11.00,  -1.34E-010, 
 11.10,  -1.29E-010, 
 11.20,  -7.84E-011, 
 11.30,  -2.19E-011, 
 11.40,  -3.47E-011, 
 11.50,   3.02E-011, 
 11.60,   5.78E-010, 
 11.70,   1.77E-009, 
 11.80,   2.90E-009, 
 11.90,   3.84E-009, 
 12.00,   4.50E-009, 
 12.10,   4.56E-009, 
 12.20,   3.81E-009, 
 12.30,   2.14E-009, 
 12.40,   1.11E-009, 
 12.50,   7.35E-010, 
 12.60,   7.78E-010, 
 12.70,   1.29E-009, 
 12.80,   1.76E-009, 
 12.90,   2.15E-009, 
 13.00,   2.56E-009, 
 13.10,   2.51E-009, 
 13.20,   2.28E-009, 
 13.30,   1.54E-009, 
 13.40,   1.18E-009, 
 13.50,   1.66E-009, 
 13.60,   6.91E-009, 
 13.70,   1.93E-008, 
 13.80,   2.87E-008, 
 13.90,   3.31E-008, 
 14.00,   3.52E-008, 
 14.10,   3.19E-008, 
 14.20,   2.23E-008, 
 14.30,   9.29E-009, 
 14.40,   4.54E-009, 
 14.50,   3.02E-009, 
 14.60,   3.90E-009, 
 14.70,   8.89E-009, 
 14.80,   1.36E-008, 
 14.90,   1.65E-008, 
 15.00,   1.79E-008, 
 15.10,   1.75E-008, 
 15.20,   1.43E-008, 
 15.30,   7.36E-009, 
 15.40,   4.04E-009, 
 15.50,   3.72E-009, 
 15.60,   9.96E-009, 
 15.70,   2.56E-008, 
 15.80,   3.64E-008, 
 15.90,   4.00E-008, 
 16.00,   4.13E-008, 
 16.10,   3.71E-008, 
 16.20,   2.57E-008, 
 16.30,   1.10E-008, 
 16.40,   7.11E-009, 
 16.50,   1.03E-008, 
 16.60,   5.53E-008, 
 16.70,   1.25E-007, 
 16.80,   1.48E-007, 
 16.90,   1.49E-007, 
 17.00,   1.51E-007, 
 17.10,   1.28E-007, 
 17.20,   6.43E-008, 
 17.30,   1.93E-008, 
 17.40,   1.70E-008, 
 17.50,   4.22E-008, 
 17.60,   2.74E-007, 
 17.70,   4.43E-007, 
 17.80,   5.04E-007, 
 17.90,   4.89E-007, 
 18.00,   4.85E-007, 
 18.10,   4.04E-007, 
 18.20,   1.63E-007, 
 18.30,   2.06E-008, 
 18.40,   8.81E-009, 
 18.50,   5.30E-009, 
 18.60,   4.65E-009, 
 18.70,   5.59E-009, 
 18.80,   6.54E-009, 
 18.90,   7.05E-009, 
 19.00,   7.26E-009, 
 19.10,   6.90E-009, 
 19.20,   5.38E-009, 
 19.30,   3.04E-009, 
 19.40,   1.82E-009, 
 19.50,   1.30E-009, 
 19.60,   1.27E-009, 
 19.70,   1.58E-009, 
 19.80,   1.96E-009, 
 19.90,   2.23E-009, 
 20.00,   2.30E-009, 
 20.10,   2.14E-009, 
 20.20,   1.62E-009, 
 20.30,   9.45E-010, 
 20.40,   5.23E-010, 
 20.50,   2.87E-010, 
 20.60,   1.77E-010, 
 20.70,   1.18E-010, 
 20.80,   2.25E-011, 
 20.90,   4.05E-011, 
 21.00,   3.86E-011, 
 21.10,   9.64E-012, 
 21.20,   5.27E-011, 
 21.30,   2.83E-011, 
 21.40,   4.24E-011, 
 21.50,   2.19E-011, 
 21.60,   4.76E-011, 
 21.70,   1.18E-010, 
 21.80,   1.48E-010, 
 21.90,   1.45E-010, 
 22.00,   1.65E-010, 
 22.10,   1.13E-010, 
 22.20,   6.23E-011, 
 22.30,  -1.29E-012, 
 22.40,  -2.19E-011, 
 22.50,  -5.40E-011, 
 22.60,  -1.11E-010, 
 22.70,  -9.38E-011, 
 22.80,  -1.18E-010, 
 22.90,  -1.88E-010, 
 23.00,  -1.21E-010, 
 23.10,  -7.65E-011, 
 23.20,  -4.76E-011, 
 23.30,  -4.31E-011, 
 23.40,  -1.11E-010, 
 23.50,  -1.59E-010, 
 23.60,  -4.05E-011, 
 23.70,   1.09E-010, 
 23.80,   2.01E-010, 
 23.90,   1.77E-010, 
 24.00,   2.26E-010, 
 24.10,   1.56E-010, 
 24.20,   9.06E-011, 
 24.30,   3.28E-011, 
 24.40,  -9.64E-012, 
 24.50,   4.95E-011, 
 24.60,   2.76E-010, 
 24.70,   5.51E-010, 
 24.80,   6.95E-010, 
 24.90,   8.41E-010, 
 25.00,   1.01E-009, 
 25.10,   1.01E-009, 
 25.20,   8.31E-010, 
 25.30,   4.93E-010, 
 25.40,   3.24E-010, 
 25.50,   3.93E-010, 
 25.60,   1.32E-009, 
 25.70,   2.81E-009, 
 25.80,   4.38E-009, 
 25.90,   5.34E-009, 
 26.00,   5.67E-009, 
 26.10,   5.48E-009, 
 26.20,   4.08E-009, 
 26.30,   2.30E-009, 
 26.40,   1.51E-009, 
 26.50,   1.39E-009, 
 26.60,   2.82E-009, 
 26.70,   5.96E-009, 
 26.80,   9.48E-009, 
 26.90,   1.14E-008, 
 27.00,   1.23E-008, 
 27.10,   1.26E-008, 
 27.20,   1.13E-008, 
 27.30,   1.14E-008, 
 27.40,   1.93E-008, 
 27.50,   7.90E-008, 
 27.60,   3.47E-007, 
 27.70,   5.00E-007, 
 27.80,   5.60E-007, 
 27.90,   5.36E-007, 
 28.00,   4.76E-007, 
 28.10,   3.61E-007, 
 28.20,   7.75E-008, 
 28.30,   1.47E-008, 
 28.40,   6.95E-009, 
 28.50,   4.90E-009, 
 28.60,   6.35E-009, 
 28.70,   9.80E-009, 
 28.80,   1.30E-008, 
 28.90,   1.44E-008, 
 29.00,   1.45E-008, 
 29.10,   1.31E-008, 
 29.20,   8.38E-009, 
 29.30,   4.74E-009, 
 29.40,   3.73E-009, 
 29.50,   5.68E-009, 
 29.60,   1.82E-008, 
 29.70,   3.54E-008, 
 29.80,   4.63E-008, 
 29.90,   4.75E-008, 
 30.00,   4.41E-008, 
 30.10,   3.53E-008, 
 30.20,   1.57E-008, 
 30.30,   6.69E-009, 
 30.40,   3.55E-009, 
 30.50,   2.36E-009, 
 30.60,   2.24E-009, 
 30.70,   2.76E-009, 
 30.80,   3.43E-009, 
 30.90,   3.84E-009, 
 31.00,   4.05E-009, 
 31.10,   3.93E-009, 
 31.20,   3.26E-009, 
 31.30,   2.84E-009, 
 31.40,   3.88E-009, 
 31.50,   9.91E-009, 
 31.60,   3.96E-008, 
 31.70,   7.55E-008, 
 31.80,   8.88E-008, 
 31.90,   8.99E-008, 
 32.00,   8.08E-008, 
 32.10,   5.68E-008, 
 32.20,   1.97E-008, 
 32.30,   7.67E-009, 
 32.40,   4.00E-009, 
 32.50,   2.37E-009, 
 32.60,   1.51E-009, 
 32.70,   1.06E-009, 
 32.80,   7.37E-010, 
 32.90,   6.06E-010, 
 33.00,   4.81E-010, 
 33.10,   3.04E-010, 
 33.20,   2.19E-010, 
 33.30,   2.24E-010, 
 33.40,   2.42E-010, 
 33.50,   4.95E-011, 
 33.60,   8.35E-011, 
 33.70,   9.70E-011, 
 33.80,   1.77E-010, 
 33.90,   2.85E-010, 
 34.00,   3.38E-010, 
 34.10,   4.17E-010, 
 34.20,   4.44E-010, 
 34.30,   5.97E-010, 
 34.40,   1.07E-009, 
 34.50,   3.16E-009, 
 34.60,   9.90E-009, 
 34.70,   1.83E-008, 
 34.80,   2.37E-008, 
 34.90,   2.58E-008, 
 35.00,   2.42E-008, 
 35.10,   1.72E-008, 
 35.20,   9.22E-009, 
 35.30,   6.71E-009, 
 35.40,   8.03E-009, 
 35.50,   2.45E-008, 
 35.60,   8.47E-008, 
 35.70,   1.31E-007, 
 35.80,   1.39E-007, 
 35.90,   1.45E-007, 
 36.00,   1.23E-007, 
 36.10,   6.30E-008, 
 36.20,   1.70E-008, 
 36.30,   7.24E-009, 
 36.40,   4.19E-009, 
 36.50,   3.60E-009, 
 36.60,   5.34E-009, 
 36.70,   7.89E-009, 
 36.80,   9.72E-009, 
 36.90,   1.08E-008, 
 37.00,   1.09E-008, 
 37.10,   8.57E-009, 
 37.20,   5.02E-009, 
 37.30,   3.43E-009, 
 37.40,   3.30E-009, 
 37.50,   6.74E-009, 
 37.60,   1.94E-008, 
 37.70,   3.49E-008, 
 37.80,   4.19E-008, 
 37.90,   4.56E-008, 
 38.00,   4.12E-008, 
 38.10,   2.68E-008, 
 38.20,   1.11E-008, 
 38.30,   5.20E-009, 
 38.40,   2.93E-009, 
 38.50,   2.07E-009, 
 38.60,   2.76E-009, 
 38.70,   4.62E-009, 
 38.80,   6.70E-009, 
 38.90,   8.01E-009, 
 39.00,   8.59E-009, 
 39.10,   7.84E-009, 
 39.20,   5.03E-009, 
 39.30,   2.79E-009, 
 39.40,   1.96E-009, 
 39.50,   2.49E-009, 
 39.60,   5.67E-009, 
 39.70,   1.04E-008, 
 39.80,   1.41E-008, 
 39.90,   1.61E-008, 
 40.00,   1.60E-008, 
 40.10,   1.22E-008, 
 40.20,   6.45E-009, 
 40.30,   3.36E-009, 
 40.40,   1.99E-009, 
 40.50,   1.44E-009, 
 40.60,   1.88E-009, 
 40.70,   3.29E-009, 
 40.80,   4.81E-009, 
 40.90,   5.87E-009, 
 41.00,   6.39E-009, 
 41.10,   6.01E-009, 
 41.20,   3.89E-009, 
 41.30,   2.29E-009, 
 41.40,   1.44E-009, 
 41.50,   1.22E-009, 
 41.60,   2.02E-009, 
 41.70,   3.57E-009, 
 41.80,   5.26E-009, 
 41.90,   6.49E-009, 
 42.00,   7.13E-009, 
 42.10,   6.55E-009, 
 42.20,   4.44E-009, 
 42.30,   3.01E-009, 
 42.40,   2.75E-009, 
 42.50,   4.27E-009, 
 42.60,   1.31E-008, 
 42.70,   2.80E-008, 
 42.80,   3.85E-008, 
 42.90,   4.41E-008, 
 43.00,   4.39E-008, 
 43.10,   3.33E-008, 
 43.20,   1.52E-008, 
 43.30,   7.12E-009, 
 43.40,   4.80E-009, 
 43.50,   5.92E-009, 
 43.60,   1.46E-008, 
 43.70,   2.74E-008, 
 43.80,   3.47E-008, 
 43.90,   3.84E-008, 
 44.00,   3.70E-008, 
 44.10,   2.47E-008, 
 44.20,   1.08E-008, 
 44.30,   5.12E-009, 
 44.40,   2.89E-009, 
 44.50,   1.89E-009, 
 44.60,   1.60E-009, 
 44.70,   1.85E-009, 
 44.80,   2.30E-009, 
 44.90,   2.60E-009, 
 45.00,   2.80E-009, 
 45.10,   2.50E-009, 
 45.20,   1.61E-009, 
 45.30,   9.65E-010, 
 45.40,   5.81E-010, 
 45.50,   3.98E-010, 
 45.60,   4.00E-010, 
 45.70,   4.29E-010, 
 45.80,   4.18E-010, 
 45.90,   4.11E-010, 
 46.00,   4.89E-010, 
 46.10,   5.85E-010, 
 46.20,   4.78E-010, 
 46.30,   3.55E-010, 
 46.40,   3.89E-010, 
 46.50,   5.96E-010, 
 46.60,   1.44E-009, 
 46.70,   2.67E-009, 
 46.80,   3.78E-009, 
 46.90,   4.66E-009, 
 47.00,   4.84E-009, 
 47.10,   3.75E-009, 
 47.20,   2.14E-009, 
 47.30,   1.27E-009, 
 47.40,   7.76E-010, 
 47.50,   6.29E-010, 
 47.60,   8.61E-010, 
 47.70,   1.30E-009, 
 47.80,   1.73E-009, 
 47.90,   1.99E-009, 
 48.00,   2.08E-009, 
 48.10,   1.69E-009, 
 48.20,   1.03E-009, 
 48.30,   6.32E-010, 
 48.40,   4.09E-010, 
 48.50,   3.50E-010, 
 48.60,   5.56E-010, 
 48.70,   9.72E-010, 
 48.80,   1.24E-009, 
 48.90,   1.52E-009, 
 49.00,   1.67E-009, 
 49.10,   1.29E-009, 
 49.20,   7.63E-010, 
 49.30,   3.82E-010, 
 49.40,   2.33E-010, 
 49.50,   1.85E-010, 
 49.60,   3.69E-010, 
 49.70,   8.10E-010, 
 49.80,   1.24E-009, 
 49.90,   1.53E-009, 
 50.00,   1.63E-009, 
 50.10,   1.33E-009, 
 50.20,   8.08E-010, 
 50.30,   4.01E-010, 
 50.40,   1.66E-010, 
 50.50,   1.19E-010, 
 50.60,   6.62E-011, 
 50.70,   1.14E-010, 
 50.80,   5.66E-011, 
 50.90,   1.59E-010, 
 51.00,   2.20E-010, 
 51.10,   2.19E-010, 
 51.20,   3.08E-011, 
 51.30,  -3.98E-011, 
 51.40,  -3.28E-011, 
 51.50,  -6.88E-011, 
 51.60,   3.92E-011, 
 51.70,   1.46E-010, 
 51.80,   2.09E-010, 
 51.90,   3.33E-010, 
 52.00,   3.82E-010, 
 52.10,   3.11E-010, 
 52.20,   1.84E-010, 
 52.30,   1.27E-010, 
 52.40,   5.59E-011, 
 52.50,   1.86E-011, 
 52.60,   5.14E-012, 
 52.70,  -8.35E-012, 
 52.80,   2.24E-010, 
 52.90,   3.47E-010, 
 53.00,   3.39E-010, 
 53.10,   3.66E-010, 
 53.20,   2.60E-010, 
 53.30,   3.98E-011, 
 53.40,   1.93E-012, 
 53.50,  -4.76E-011, 
 53.60,  -1.67E-011, 
 53.70,   6.04E-011, 
 53.80,   1.01E-010, 
 53.90,   2.11E-010, 
 54.00,   3.69E-010, 
 54.10,   2.91E-010, 
 54.20,   1.39E-010, 
 54.30,   7.97E-011, 
 54.40,   3.08E-011, 
 54.50,   6.43E-012, 
 54.60,   9.51E-011, 
 54.70,   3.57E-010, 
 54.80,   7.38E-010, 
 54.90,   9.97E-010, 
 55.00,   1.22E-009, 
 55.10,   1.18E-009, 
 55.20,   9.33E-010, 
 55.30,   5.45E-010, 
 55.40,   2.92E-010, 
 55.50,   2.79E-010, 
 55.60,   4.14E-010, 
 55.70,   9.61E-010, 
 55.80,   1.82E-009, 
 55.90,   2.50E-009, 
 56.00,   3.02E-009, 
 56.10,   3.08E-009, 
 56.20,   2.30E-009, 
 56.30,   1.29E-009, 
 56.40,   7.60E-010, 
 56.50,   4.08E-010, 
 56.60,   3.23E-010, 
 56.70,   3.88E-010, 
 56.80,   3.96E-010, 
 56.90,   4.40E-010, 
 57.00,   4.47E-010, 
 57.10,   4.72E-010, 
 57.20,   3.99E-010, 
 57.30,   3.20E-010, 
 57.40,   2.75E-010, 
 57.50,   3.60E-010, 
 57.60,   1.07E-009, 
 57.70,   2.86E-009, 
 57.80,   5.07E-009, 
 57.90,   6.78E-009, 
 58.00,   7.81E-009, 
 58.10,   7.09E-009, 
 58.20,   4.58E-009, 
 58.30,   2.42E-009, 
 58.40,   1.37E-009, 
 58.50,   8.46E-010, 
 58.60,   6.11E-010, 
 58.70,   5.83E-010, 
 58.80,   7.35E-010, 
 58.90,   7.53E-010, 
 59.00,   7.75E-010, 
 59.10,   7.66E-010, 
 59.20,   5.89E-010, 
 59.30,   3.75E-010, 
 59.40,   2.44E-010, 
 59.50,   1.73E-010, 
 59.60,   4.11E-011, 
 59.70,   5.78E-012, 
 59.80,   6.68E-011, 
 59.90,   5.14E-011, 
 60.00,   7.97E-011, 
 60.10,   1.06E-010, 
 60.20,   6.56E-011, 
 60.30,  -2.12E-011, 
 60.40,  -9.64E-011, 
 60.50,  -5.98E-011, 
 60.60,  -6.68E-011, 
 60.70,   6.36E-011, 
 60.80,   2.83E-010, 
 60.90,   4.31E-010, 
 61.00,   3.49E-010, 
 61.10,   2.84E-010, 
 61.20,   1.57E-010, 
 61.30,   7.97E-011, 
 61.40,   1.74E-011, 
 61.50,   5.78E-012, 
 61.60,  -5.78E-012, 
 61.70,  -5.14E-011, 
 61.80,  -6.56E-011, 
 61.90,  -2.57E-012, 
 62.00,   3.02E-011, 
 62.10,  -3.15E-011, 
 62.20,  -7.71E-011, 
 62.30,  -1.02E-010, 
 62.40,  -1.08E-010, 
 62.50,  -1.29E-010, 
 62.60,  -1.08E-010, 
 62.70,  -2.25E-011, 
 62.80,   8.16E-011, 
 62.90,   1.47E-010, 
 63.00,   1.41E-010, 
 63.10,   1.07E-010, 
 63.20,   5.53E-011, 
 63.30,  -1.29E-011, 
 63.40,  -3.73E-011, 
 63.50,  -2.83E-011, 
 63.60,   3.98E-011, 
 63.70,   3.86E-011, 
 63.80,   9.90E-011, 
 63.90,   1.96E-010, 
 64.00,   2.20E-010, 
 64.10,   1.59E-010, 
 64.20,   1.27E-010, 
 64.30,   1.07E-010, 
 64.40,   7.71E-011, 
 64.50,   4.05E-011, 
 64.60,   2.76E-011, 
 64.70,   1.61E-011, 
 64.80,  -1.67E-011, 
 64.90,   2.96E-011, 
 65.00,  -7.71E-012, 
 65.10,   8.03E-011, 
 65.20,   7.26E-011, 
 65.30,   5.91E-011, 
 65.40,  -1.80E-011, 
 65.50,   2.51E-011, 
 65.60,  -9.00E-012, 
 65.70,   2.63E-011, 
 65.80,   5.78E-011, 
 65.90,   7.58E-011, 
 66.00,   1.99E-011, 
 66.10,   3.34E-011, 
 66.20,   3.08E-011, 
 66.30,   4.50E-012, 
 66.40,  -1.99E-011, 
 66.50,  -7.71E-011, 
 66.60,  -1.43E-010, 
 66.70,  -1.08E-010, 
 66.80,   3.60E-011, 
 66.90,   9.19E-011, 
 67.00,   1.86E-010, 
 67.10,   1.82E-010, 
 67.20,   1.29E-010, 
 67.30,   5.21E-011, 
 67.40,  -1.80E-011, 
 67.50,   1.03E-011, 
 67.60,  -5.78E-012, 
 67.70,  -3.21E-012, 
 67.80,   5.08E-011, 
 67.90,   4.05E-011, 
 68.00,   6.56E-011, 
 68.10,   3.34E-011, 
 68.20,  -5.78E-012, 
 68.30,  -4.76E-011, 
 68.40,  -1.80E-011, 
 68.50,   1.16E-011, 
 68.60,   3.79E-011, 
 68.70,   1.59E-010, 
 68.80,   3.32E-010, 
 68.90,   4.41E-010, 
 69.00,   6.45E-010, 
 69.10,   6.26E-010, 
 69.20,   4.40E-010, 
 69.30,   2.83E-010, 
 69.40,   1.97E-010, 
 69.50,   1.29E-010, 
 69.60,   6.23E-011, 
 69.70,   1.66E-010, 
 69.80,   2.54E-010, 
 69.90,   2.31E-010, 
 70.00,   2.32E-010, 
 70.10,   2.47E-010, 
 70.20,   1.55E-010, 
 70.30,  -2.12E-011, 
 70.40,   1.22E-011, 
 70.50,   3.98E-011, 
 70.60,   6.43E-012, 
 70.70,  -4.43E-011, 
 70.80,  -8.55E-011, 
 70.90,  -4.11E-011, 
 71.00,  -4.50E-012, 
 71.10,  -1.74E-011, 
 71.20,  -3.41E-011, 
 71.30,  -3.21E-011, 
 71.40,  -5.98E-011, 
 71.50,   1.93E-012, 
 71.60,   2.57E-011, 
 71.70,  -1.29E-012, 
 71.80,   9.64E-012, 
 71.90,   4.56E-011, 
 72.00,  -1.41E-011, 
 72.10,   1.99E-011, 
 72.20,   1.80E-011, 
 72.30,  -1.22E-011, 
 72.40,  -3.92E-011, 
 72.50,   1.48E-011, 
 72.60,  -2.96E-011, 
 72.70,  -1.03E-011, 
 72.80,   1.41E-011, 
 72.90,   7.39E-011, 
 73.00,   7.84E-011, 
 73.10,   1.24E-010, 
 73.20,  -3.15E-011, 
 73.30,  -1.74E-011, 
 73.40,  -1.99E-011, 
 73.50,  -1.27E-010, 
 73.60,  -4.31E-011, 
 73.70,  -5.59E-011, 
 73.80,  -5.91E-011, 
 73.90,  -1.67E-011, 
 74.00,  -4.63E-011, 
 74.10,  -4.11E-011, 
 74.20,  -2.06E-011, 
 74.30,  -2.06E-011, 
 74.40,  -9.51E-011, 
 74.50,  -6.94E-011, 
 74.60,  -9.64E-012, 
 74.70,  -6.75E-011, 
 74.80,  -5.01E-011, 
 74.90,  -5.72E-011, 
 75.00,   1.54E-011, 
 75.10,  -2.06E-011, 
 75.20,  -4.37E-011, 
 75.30,   0.00E+000, 
 75.40,  -2.70E-011, 
 75.50,  -3.92E-011, 
 75.60,  -5.46E-011, 
 75.70,  -6.68E-011, 
 75.80,  -1.74E-011, 
 75.90,   7.07E-012, 
 76.00,  -5.78E-012, 
 76.10,  -2.31E-011, 
 76.20,  -3.41E-011, 
 76.30,  -5.33E-011, 
 76.40,  -1.86E-011, 
 76.50,  -1.54E-011, 
 76.60,   7.58E-011, 
 76.70,   5.66E-011, 
 76.80,  -1.29E-011, 
 76.90,  -3.86E-011, 
 77.00,  -5.14E-012, 
 77.10,   9.13E-011, 
 77.20,   8.93E-011, 
 77.30,   6.04E-011, 
 77.40,   6.43E-012, 
 77.50,  -5.85E-011, 
 77.60,  -6.43E-012, 
 77.70,  -6.43E-013, 
 77.80,  -1.41E-011, 
 77.90,   3.41E-011, 
 78.00,   3.92E-011, 
 78.10,  -1.09E-011, 
 78.20,  -5.33E-011, 
 78.30,  -6.43E-011, 
 78.40,  -5.85E-011, 
 78.50,  -9.51E-011, 
 78.60,  -1.13E-010, 
 78.70,  -4.95E-011, 
 78.80,  -5.66E-011, 
 78.90,   3.47E-011, 
 79.00,   3.53E-011, 
 79.10,  -7.07E-012, 
 79.20,   6.17E-011, 
 79.30,   4.56E-011, 
 79.40,   3.21E-012, 
 79.50,   9.64E-012, 
 79.60,   5.14E-012, 
 79.70,   9.00E-012, 
 79.80,   4.82E-011, 
 79.90,   2.83E-011, 
 80.00,   4.82E-011, 
