"Voltage", "Current", "Magnetic Field (mT)"
10, 1.35, 135.1
25.2, 2.13, 175
16.95, 2.62, 228.8
26, 2.92, 264
26, 3.1, 287
26.05, 3.23, 302.3
26.1, 3.33, 312.6
26.15, 3.45, 333.6
26.25, 3.46, 334.6
26.3, 3.48, 337.1
26.5, 3.49, 338.5
26.4, 3.5, 339.1
26.45, 3.51, 340.1
26.5, 3.51, 340.7
26.55, 3.52, 341.2
26.65, 3.53, 341.9
26.65, 3.54, 342.6
26.7, 3.54, 342.9
26.75, 3.55, 343.5
26.8, 3.55, 344.2
26.85, 3.56, 344.9
26.9, 3.56, 345.2
27, 3.58, 346.4
27.05, 3.59, 347.2
27.1, 3.59, 347.9
27.15, 3.6, 348.4
27.2, 3.6, 349
27.25, 3.62, 349.7
27.3, 3.62, 350.1
27.4, 3.63, 350.9
27.45, 3.64, 352.3
27.5, 3.64, 352.8
27.55, 3.65, 353.2
27.6, 3.66, 353.9
27.65, 3.67, 354.4
27.7, 3.67, 355
27.75, 3.67, 355.5
27.8, 3.68, 356
27.85, 3.69, 357
27.9, 3.7, 357.6
27.95, 3.7, 358.1
28, 3.71, 358.5
28.05, 3.72, 359.2
28.1, 3.72, 360
28.15, 3.73, 360.5
28.2, 3.74, 361.1
28.25, 3.75, 361.9
28.3, 3.75, 362.4
28.35, 3.75, 363
28.4, 3.76, 363.5
28.45, 3.77, 364.2
28.5, 3.77, 364.9
28.55, 3.78, 365.5
28.6, 3.79, 366
28.65, 3.8, 366.5
28.7, 3.8, 367.3
28.75, 3.81, 367.9
28.8, 3.82, 368.4
28.85, 3.83, 369.3
28.9, 3.83, 369.5
28.95, 3.84, 370.3
29, 3.85, 370.8
29.05, 3.85, 371.5
29.1, 3.86, 371.9
29.15, 3.86, 372.6
29.2, 3.87, 373.3
29.25, 2.89, 373.8
29.3, 3.89, 374.4
29.35, 3.89, 375.3
29.4, 3.9, 375.9
29.45, 3.9, 376.4
29.5, 3.91, 376.7
29.55, 3.92, 377.5
29.6, 3.93, 378
29.65, 3.94, 378.6
29.7, 3.94, 379.2
29.75, 3.95, 380.1
29.8, 3.96, 380.5
29.85, 3.96, 381.3
29.9, 3.97, 382
29.95, 3.98, 382.6


