,Gelbe Kugel,,
t,x,y,
0.000,23.71,-0.474
0.020,23.62,-0.580
0.040,23.41,-0.492
0.060,23.23,-0.492
0.080,23.07,-0.492
0.100,22.97,-0.457
0.120,22.78,-0.387
0.140,22.67,-0.369
0.160,22.53,-0.351
0.180,22.37,-0.351
0.200,22.23,-0.351
0.220,22.05,-0.316
0.240,21.97,-0.316
0.260,21.77,-0.316
0.280,21.65,-0.316
0.300,21.56,-0.316
0.320,21.35,-0.299
0.340,21.23,-0.281
0.360,21.11,-0.281
0.380,20.97,-0.281
0.400,20.86,-0.299
0.420,20.77,-0.299
0.440,20.58,-0.316
0.460,20.42,-0.369
0.480,20.28,-0.387
0.500,20.03,-0.351
0.520,19.88,-0.351
0.540,19.66,-0.316
0.560,19.59,-0.264
0.580,19.51,-0.264
0.600,19.37,-0.246
0.620,19.12,-0.193
0.640,19.00,-0.193
0.660,18.87,-0.193
0.680,18.70,-0.211
0.700,18.58,-0.211
0.720,18.40,-0.211
0.740,18.29,-0.211
0.760,18.10,-0.211
0.780,18.05,-0.211
0.800,18.07,-0.387
0.820,17.84,-0.422
0.840,17.82,-0.422
0.860,17.56,-0.422
0.880,17.47,-0.422
0.900,17.33,-0.404
0.920,17.26,-0.387
0.940,17.17,-0.369
0.960,16.96,-0.316
0.980,16.85,-0.316
1.000,16.75,-0.316
1.020,16.62,-0.316
1.040,16.47,-0.316
1.060,16.36,-0.316
1.080,16.11,-0.281
1.100,16.06,-0.281
1.120,15.94,-0.264
1.140,15.87,-0.264
1.160,15.68,-0.316
1.180,15.57,-0.334
1.200,15.41,-0.351
1.220,15.32,-0.369
1.240,15.25,-0.369
1.260,15.10,-0.387
1.280,14.90,-0.404
1.300,14.83,-0.404
1.320,14.66,-0.404
1.340,14.64,-0.404
1.360,14.39,-0.351
1.380,14.29,-0.351
1.400,14.15,-0.351
1.420,13.99,-0.351
1.440,13.90,-0.351
1.460,13.78,-0.580
1.480,13.58,-0.580
1.500,13.48,-0.580
1.520,13.20,-0.510
1.540,13.13,-0.492
1.560,12.83,-0.457
1.580,12.74,-0.439
1.600,12.71,-0.439
1.620,12.51,-0.422
1.640,12.42,-0.404
1.660,12.30,-0.404
1.680,12.13,-0.369
1.700,12.13,-0.369
1.720,11.84,-0.369
1.740,11.83,-0.369
1.760,11.58,-0.299
1.780,11.58,-0.299
1.800,11.49,-0.299
1.820,11.26,-0.281
1.840,11.21,-0.281
1.860,11.09,-0.299
1.880,10.93,-0.351
1.900,10.67,-0.422
1.920,10.67,-0.422
1.940,10.63,-0.422
1.960,10.42,-0.474
1.980,10.35,-0.474
2.000,10.32,-0.474
2.020,10.12,-0.492
2.040,9.982,-0.474
2.060,9.876,-0.474
2.080,9.718,-0.457
2.100,9.507,-0.334
2.120,9.367,-0.457
2.140,9.208,-0.492
2.160,8.998,-0.457
2.180,8.910,-0.422
2.200,8.769,-0.404
2.220,8.664,-0.387
2.240,8.541,-0.369
2.260,8.418,-0.369
2.280,8.295,-0.369
2.300,8.224,-0.369
2.320,7.926,-0.369
2.340,7.767,-0.369
2.360,7.680,-0.351
2.380,7.609,-0.351
2.400,7.328,-0.351
2.420,7.311,-0.351
2.440,7.223,-0.351
2.460,7.012,-0.351
2.480,6.959,-0.351
2.500,6.818,-0.351
2.520,6.572,-0.387
2.540,6.485,-0.387
2.560,6.168,-0.387
2.580,6.151,-0.387
2.600,6.080,-0.387
2.620,5.782,-0.334
2.640,5.782,-0.334
2.660,5.571,-0.334
2.680,5.518,-0.334
2.700,5.342,-0.316
2.720,5.202,-0.316
2.740,5.149,-0.439
2.760,4.921,-0.439
2.780,4.815,-0.439
2.800,4.692,-0.404
2.820,4.464,-0.316
2.840,4.428,-0.316
2.860,4.393,-0.316
2.880,4.182,-0.316
2.900,4.182,-0.316
2.920,4.007,-0.351
2.940,3.796,-0.351
2.960,3.550,-0.334
2.980,3.550,-0.316
3.000,3.427,-0.299
3.020,3.304,-0.264
3.040,3.163,-0.246
3.060,3.110,-0.228
3.080,2.987,-0.228
3.100,2.671,-0.299
3.120,2.636,-0.299
3.140,2.495,-0.299
3.160,2.302,-0.299
3.180,2.232,-0.299
3.200,2.144,-0.299
3.220,2.056,-0.299
3.240,1.933,-0.299
3.260,1.775,-0.299
3.280,1.546,-0.299
3.300,1.476,-0.299
3.320,1.318,-0.316
3.340,1.213,-0.334
3.360,1.177,-0.334
3.380,1.054,-0.334
3.400,1.037,-0.334
3.420,0.791,-0.334
3.440,0.633,-0.387
3.460,0.527,-0.404
3.480,0.369,-0.422
3.500,0.246,-0.439
3.520,-0.193,-0.474
3.540,0.000,-0.492
3.560,0.193,-0.457
3.580,0.299,-0.474
3.600,0.369,-0.492
3.620,0.580,-0.545
3.640,0.703,-0.597
3.660,0.861,-0.668
3.680,1.054,-0.756
3.700,1.160,-0.773
3.720,1.213,-0.791
3.740,1.300,-0.826
3.760,1.406,-0.861
3.780,1.564,-0.914
3.800,1.792,-0.967
3.820,1.880,-1.002
3.840,1.986,-1.002
3.860,2.144,-1.037
3.880,2.320,-1.072
3.900,2.355,-1.090
3.920,2.548,-1.160
3.940,2.671,-1.195
3.960,2.777,-1.248
3.980,2.882,-1.283
4.000,3.005,-1.318
4.020,3.198,-1.371
4.040,3.251,-1.388
4.060,3.392,-1.423
4.080,3.515,-1.441
4.100,3.673,-1.494
4.120,3.726,-1.529
4.140,3.813,-1.582
4.160,3.954,-1.617
4.180,4.024,-1.652
4.200,4.147,-1.652
4.220,4.323,-1.652
4.240,4.428,-1.687
4.260,4.552,-1.757
4.280,4.692,-1.775
4.300,4.815,-1.757
4.320,4.903,-1.810
4.340,5.008,-1.880
4.360,5.131,-1.933
4.380,5.272,-1.951
4.400,5.342,-1.968
4.420,5.430,-2.021
4.440,5.536,-2.056
4.460,5.694,-2.109
4.480,5.729,-2.109
4.500,5.817,-2.039
4.520,5.940,-2.144
4.540,6.063,-2.162
4.560,6.186,-2.197
4.580,6.256,-2.214
4.600,6.291,-2.214
4.620,6.520,-2.320
4.640,6.590,-2.320
4.660,6.695,-2.355
4.680,6.871,-2.390
4.700,7.012,-2.390
4.720,7.152,-2.425
4.740,7.223,-2.460
4.760,7.223,-2.460
4.780,7.311,-2.495
4.800,7.381,-2.513
4.820,7.451,-2.531
4.840,7.557,-2.548
4.860,7.680,-2.601
4.880,7.732,-2.601
4.900,7.873,-2.636
4.920,7.926,-2.654
4.940,7.996,-2.671
4.960,8.084,-2.706
4.980,8.172,-2.741
5.000,8.259,-2.759
5.020,8.382,-2.812
5.040,8.506,-2.829
5.060,8.611,-2.829
5.080,8.716,-2.882
5.100,8.804,-2.900
5.120,8.839,-2.917
5.140,8.910,-2.847
5.160,9.033,-2.900
5.180,9.121,-2.952
5.200,9.191,-2.952
5.220,9.261,-2.970
5.240,9.349,-3.023
5.260,9.454,-3.040
5.280,9.595,-3.093
5.300,9.683,-3.110
5.320,9.788,-3.146
5.340,9.876,-3.181
5.360,9.911,-3.233
5.380,9.859,-3.040
5.400,10.05,-3.198
5.420,10.05,-3.198
5.440,10.17,-3.251
5.460,10.23,-3.251
5.480,10.46,-3.286
5.500,10.53,-3.304
5.520,10.56,-3.321
5.540,10.63,-3.339
5.560,10.72,-3.409
5.580,10.74,-3.409
5.600,10.84,-3.444
5.620,10.79,-3.427
5.640,10.79,-3.427
5.660,10.93,-3.462
5.680,11.00,-3.480
5.700,11.05,-3.497
5.720,11.12,-3.515
5.740,11.19,-3.532
5.760,11.35,-3.585
5.780,11.41,-3.603
5.800,11.48,-3.655
5.820,11.55,-3.690
5.840,11.56,-3.708
5.860,11.67,-3.743
5.880,11.70,-3.761
5.900,11.76,-3.761
5.920,11.84,-3.761
5.940,11.90,-3.796
5.960,11.95,-3.849
5.980,12.00,-3.866
6.000,12.07,-3.919
6.020,12.09,-3.936
6.040,12.20,-3.972
6.060,12.23,-4.007
6.080,12.27,-4.024
6.100,12.34,-4.024
6.120,12.39,-4.077
6.140,12.46,-4.112
6.160,12.42,-3.901
6.180,12.51,-4.007
6.200,12.55,-4.007
6.220,12.65,-4.007
6.240,12.74,-4.007
6.260,12.79,-4.059
6.280,12.85,-4.112
6.300,12.88,-4.130
6.320,12.93,-4.130
6.340,13.04,-4.165
6.360,13.11,-4.182
6.380,13.16,-4.200
6.400,13.22,-4.200
6.420,13.29,-4.200
6.440,13.34,-4.218
6.460,13.41,-4.253
6.480,13.46,-4.270
6.500,13.46,-4.270
6.520,13.48,-4.323
6.540,13.48,-4.323
6.560,13.64,-4.358
6.580,13.65,-4.358
6.600,13.67,-4.358
6.620,13.81,-4.393
6.640,13.81,-4.393
6.660,13.92,-4.446
6.680,13.97,-4.464
6.700,13.97,-4.464
6.720,14.02,-4.464
6.740,14.08,-4.499
6.760,14.15,-4.516
6.780,14.18,-4.516
6.800,14.22,-4.516
6.820,14.25,-4.516
6.840,14.30,-4.534
6.860,14.39,-4.552
6.880,14.45,-4.569
6.900,14.48,-4.587
6.920,14.55,-4.622
6.940,14.60,-4.639
6.960,14.67,-4.657
6.980,14.73,-4.675
7.000,14.80,-4.710
7.020,14.81,-4.710
7.040,14.90,-4.745
7.060,14.94,-4.762
7.080,14.99,-4.762
7.100,15.03,-4.780
7.120,15.08,-4.798
7.140,15.13,-4.798
7.160,15.17,-4.815
7.180,15.24,-4.850
7.200,15.25,-4.868
7.220,15.31,-4.885
7.240,15.34,-4.921
7.260,15.41,-4.938
7.280,15.50,-4.991
7.300,15.53,-4.991
7.320,15.61,-5.026
7.340,15.64,-5.044
7.360,15.71,-5.079
7.380,15.71,-5.079
7.400,15.82,-5.114
7.420,15.83,-5.184
7.440,15.96,-5.219
7.460,15.97,-5.219
7.480,16.06,-5.290
7.500,16.10,-5.307
7.520,16.13,-5.307
7.540,16.26,-5.325
7.560,16.26,-5.342
7.580,16.33,-5.395
7.600,16.41,-5.448
7.620,16.48,-5.500
7.640,16.54,-5.518
7.660,16.57,-5.536
7.680,16.57,-5.536
7.700,16.57,-5.536
7.720,16.62,-5.553
7.740,16.73,-5.588
7.760,16.76,-5.606
7.780,16.84,-5.623
7.800,16.84,-5.659
7.820,16.92,-5.694
7.840,16.99,-5.694
7.860,17.06,-5.729
