Apr 28, 2026  11:12:56 AM
Residual Gas Analyzer Software 
Software Version, 3.214.004

Analog Scan Setup:

Data Points in Scan, 791 
Units, Torr 
Noise Floor, 2 
CEM Status, OFF 
Points Per AMU, 10
Scan Start Mass, 1, amu 
Scan Stop Mass, 80, amu
Focus Voltage, 90, Volts 
Ion Energy, HIGH 
Electron Energy, 70, eV 
CEM Voltage, 1000, Volts
CEM Gain, 1.00E+006 
Sensitivity Factor, 1.56E-004 
Filament Current, 1.00, mAmps


  1.00,  -4.23E-009, 
  1.10,  -3.29E-009, 
  1.20,   5.00E-009, 
  1.30,   6.97E-008, 
  1.40,   3.08E-008, 
  1.50,   1.55E-008, 
  1.60,   8.78E-009, 
  1.70,   5.01E-009, 
  1.80,   5.24E-009, 
  1.90,   6.86E-009, 
  2.00,   9.77E-009, 
  2.10,   1.31E-008, 
  2.20,   1.37E-008, 
  2.30,   1.09E-008, 
  2.40,   2.83E-009, 
  2.50,  -1.15E-009, 
  2.60,  -2.64E-009, 
  2.70,  -3.29E-009, 
  2.80,  -3.46E-009, 
  2.90,  -3.43E-009, 
  3.00,  -3.23E-009, 
  3.10,  -3.09E-009, 
  3.20,  -2.94E-009, 
  3.30,  -2.87E-009, 
  3.40,  -2.76E-009, 
  3.50,  -2.75E-009, 
  3.60,  -2.72E-009, 
  3.70,  -2.72E-009, 
  3.80,  -2.71E-009, 
  3.90,  -2.62E-009, 
  4.00,  -2.56E-009, 
  4.10,  -2.48E-009, 
  4.20,  -2.40E-009, 
  4.30,  -2.25E-009, 
  4.40,  -2.09E-009, 
  4.50,  -2.04E-009, 
  4.60,  -1.93E-009, 
  4.70,  -1.76E-009, 
  4.80,  -1.62E-009, 
  4.90,  -1.42E-009, 
  5.00,  -1.37E-009, 
  5.10,  -1.30E-009, 
  5.20,  -1.20E-009, 
  5.30,  -1.10E-009, 
  5.40,  -1.04E-009, 
  5.50,  -1.05E-009, 
  5.60,  -9.96E-010, 
  5.70,  -9.61E-010, 
  5.80,  -8.57E-010, 
  5.90,  -8.38E-010, 
  6.00,  -7.81E-010, 
  6.10,  -5.09E-010, 
  6.20,  -5.40E-010, 
  6.30,  -8.14E-010, 
  6.40,  -8.38E-010, 
  6.50,  -8.32E-010, 
  6.60,  -8.50E-010, 
  6.70,  -8.55E-010, 
  6.80,  -8.52E-010, 
  6.90,  -7.85E-010, 
  7.00,  -7.83E-010, 
  7.10,  -7.07E-010, 
  7.20,  -7.23E-010, 
  7.30,  -7.31E-010, 
  7.40,  -5.46E-010, 
  7.50,  -3.57E-010, 
  7.60,  -6.09E-010, 
  7.70,  -7.24E-010, 
  7.80,  -6.41E-010, 
  7.90,  -6.26E-010, 
  8.00,  -3.64E-010, 
  8.10,  -4.41E-010, 
  8.20,  -4.25E-010, 
  8.30,  -4.15E-010, 
  8.40,  -3.70E-010, 
  8.50,  -4.10E-010, 
  8.60,  -4.18E-010, 
  8.70,  -4.11E-010, 
  8.80,  -4.34E-010, 
  8.90,  -3.76E-010, 
  9.00,  -4.56E-010, 
  9.10,  -7.52E-010, 
  9.20,  -5.71E-010, 
  9.30,  -3.21E-010, 
  9.40,  -3.64E-010, 
  9.50,  -3.71E-010, 
  9.60,  -3.66E-010, 
  9.70,  -3.58E-010, 
  9.80,  -3.81E-010, 
  9.90,  -3.43E-010, 
 10.00,  -2.86E-010, 
 10.10,  -2.90E-010, 
 10.20,  -2.39E-010, 
 10.30,  -2.50E-010, 
 10.40,  -2.47E-010, 
 10.50,  -1.21E-010, 
 10.60,  -1.09E-010, 
 10.70,   2.06E-011, 
 10.80,   1.58E-010, 
 10.90,   2.63E-010, 
 11.00,   5.00E-010, 
 11.10,   1.07E-009, 
 11.20,   2.01E-009, 
 11.30,   4.23E-009, 
 11.40,   1.10E-008, 
 11.50,   4.23E-008, 
 11.60,   3.09E-007, 
 11.70,   5.19E-007, 
 11.80,   6.13E-007, 
 11.90,   7.33E-007, 
 12.00,   7.43E-007, 
 12.10,   6.52E-007, 
 12.20,   3.41E-007, 
 12.30,   4.32E-008, 
 12.40,   3.40E-008, 
 12.50,   1.04E-007, 
 12.60,   6.26E-007, 
 12.70,   1.07E-006, 
 12.80,   1.24E-006, 
 12.90,   1.46E-006, 
 13.00,   1.49E-006, 
 13.10,   1.32E-006, 
 13.20,   6.74E-007, 
 13.30,   4.75E-008, 
 13.40,   1.48E-008, 
 13.50,   1.10E-008, 
 13.60,   2.84E-008, 
 13.70,   7.03E-008, 
 13.80,   8.88E-008, 
 13.90,   1.03E-007, 
 14.00,   1.12E-007, 
 14.10,   1.03E-007, 
 14.20,   6.55E-008, 
 14.30,   1.78E-008, 
 14.40,   8.41E-009, 
 14.50,   8.07E-009, 
 14.60,   2.48E-008, 
 14.70,   8.23E-008, 
 14.80,   1.09E-007, 
 14.90,   1.23E-007, 
 15.00,   1.39E-007, 
 15.10,   1.29E-007, 
 15.20,   9.21E-008, 
 15.30,   2.39E-008, 
 15.40,   9.55E-009, 
 15.50,   7.81E-009, 
 15.60,   2.11E-008, 
 15.70,   4.98E-008, 
 15.80,   6.39E-008, 
 15.90,   7.29E-008, 
 16.00,   7.72E-008, 
 16.10,   7.14E-008, 
 16.20,   4.36E-008, 
 16.30,   1.46E-008, 
 16.40,   8.69E-009, 
 16.50,   1.31E-008, 
 16.60,   7.46E-008, 
 16.70,   1.59E-007, 
 16.80,   1.77E-007, 
 16.90,   1.95E-007, 
 17.00,   2.06E-007, 
 17.10,   2.11E-007, 
 17.20,   1.30E-007, 
 17.30,   4.98E-008, 
 17.40,   5.80E-008, 
 17.50,   1.19E-007, 
 17.60,   4.62E-007, 
 17.70,   7.12E-007, 
 17.80,   7.52E-007, 
 17.90,   8.15E-007, 
 18.00,   8.22E-007, 
 18.10,   7.79E-007, 
 18.20,   3.56E-007, 
 18.30,   3.66E-008, 
 18.40,   1.93E-008, 
 18.50,   1.64E-008, 
 18.60,   1.76E-008, 
 18.70,   1.73E-008, 
 18.80,   1.52E-008, 
 18.90,   1.48E-008, 
 19.00,   1.53E-008, 
 19.10,   1.52E-008, 
 19.20,   1.19E-008, 
 19.30,   6.03E-009, 
 19.40,   3.56E-009, 
 19.50,   2.47E-009, 
 19.60,   2.72E-009, 
 19.70,   3.82E-009, 
 19.80,   4.69E-009, 
 19.90,   5.24E-009, 
 20.00,   5.66E-009, 
 20.10,   5.62E-009, 
 20.20,   4.52E-009, 
 20.30,   2.38E-009, 
 20.40,   1.21E-009, 
 20.50,   6.49E-010, 
 20.60,   4.16E-010, 
 20.70,   2.37E-010, 
 20.80,   1.79E-010, 
 20.90,   1.82E-010, 
 21.00,   1.59E-010, 
 21.10,   1.41E-010, 
 21.20,   6.04E-011, 
 21.30,  -1.03E-011, 
 21.40,  -7.90E-011, 
 21.50,  -7.90E-011, 
 21.60,   1.68E-010, 
 21.70,   5.60E-010, 
 21.80,   7.62E-010, 
 21.90,   8.53E-010, 
 22.00,   1.04E-009, 
 22.10,   1.10E-009, 
 22.20,   8.17E-010, 
 22.30,   3.22E-010, 
 22.40,   5.40E-011, 
 22.50,  -1.65E-010, 
 22.60,  -1.34E-010, 
 22.70,  -4.31E-011, 
 22.80,  -5.14E-012, 
 22.90,   2.06E-011, 
 23.00,   1.56E-010, 
 23.10,   4.50E-010, 
 23.20,   7.00E-010, 
 23.30,   9.34E-010, 
 23.40,   1.22E-009, 
 23.50,   1.71E-009, 
 23.60,   3.88E-009, 
 23.70,   6.93E-009, 
 23.80,   9.10E-009, 
 23.90,   1.05E-008, 
 24.00,   1.10E-008, 
 24.10,   1.09E-008, 
 24.20,   7.66E-009, 
 24.30,   4.09E-009, 
 24.40,   2.58E-009, 
 24.50,   2.22E-009, 
 24.60,   3.72E-009, 
 24.70,   6.48E-009, 
 24.80,   8.90E-009, 
 24.90,   1.02E-008, 
 25.00,   1.06E-008, 
 25.10,   1.05E-008, 
 25.20,   7.74E-009, 
 25.30,   3.92E-009, 
 25.40,   2.61E-009, 
 25.50,   3.33E-009, 
 25.60,   1.12E-008, 
 25.70,   2.84E-008, 
 25.80,   3.92E-008, 
 25.90,   4.39E-008, 
 26.00,   4.35E-008, 
 26.10,   4.13E-008, 
 26.20,   2.77E-008, 
 26.30,   1.12E-008, 
 26.40,   6.74E-009, 
 26.50,   8.09E-009, 
 26.60,   2.82E-008, 
 26.70,   8.05E-008, 
 26.80,   1.04E-007, 
 26.90,   1.14E-007, 
 27.00,   1.12E-007, 
 27.10,   1.14E-007, 
 27.20,   7.80E-008, 
 27.30,   5.55E-008, 
 27.40,   1.45E-007, 
 27.50,   5.76E-007, 
 27.60,   2.21E-006, 
 27.70,   3.29E-006, 
 27.80,   3.43E-006, 
 27.90,   3.68E-006, 
 28.00,   3.30E-006, 
 28.10,   2.86E-006, 
 28.20,   5.97E-007, 
 28.30,   3.40E-008, 
 28.40,   1.48E-008, 
 28.50,   1.53E-008, 
 28.60,   5.13E-008, 
 28.70,   1.16E-007, 
 28.80,   1.39E-007, 
 28.90,   1.51E-007, 
 29.00,   1.42E-007, 
 29.10,   1.29E-007, 
 29.20,   5.85E-008, 
 29.30,   1.58E-008, 
 29.40,   8.36E-009, 
 29.50,   9.33E-009, 
 29.60,   2.98E-008, 
 29.70,   6.74E-008, 
 29.80,   8.11E-008, 
 29.90,   8.96E-008, 
 30.00,   8.29E-008, 
 30.10,   7.46E-008, 
 30.20,   3.29E-008, 
 30.30,   1.10E-008, 
 30.40,   5.78E-009, 
 30.50,   4.89E-009, 
 30.60,   1.07E-008, 
 30.70,   2.43E-008, 
 30.80,   3.37E-008, 
 30.90,   3.87E-008, 
 31.00,   3.86E-008, 
 31.10,   3.71E-008, 
 31.20,   2.35E-008, 
 31.30,   1.18E-008, 
 31.40,   1.23E-008, 
 31.50,   3.14E-008, 
 31.60,   1.67E-007, 
 31.70,   2.64E-007, 
 31.80,   2.82E-007, 
 31.90,   3.05E-007, 
 32.00,   2.78E-007, 
 32.10,   2.27E-007, 
 32.20,   6.36E-008, 
 32.30,   1.36E-008, 
 32.40,   6.05E-009, 
 32.50,   3.19E-009, 
 32.60,   1.92E-009, 
 32.70,   1.43E-009, 
 32.80,   1.21E-009, 
 32.90,   1.17E-009, 
 33.00,   1.03E-009, 
 33.10,   8.99E-010, 
 33.20,   6.80E-010, 
 33.30,   3.21E-010, 
 33.40,   2.07E-010, 
 33.50,   4.01E-010, 
 33.60,   9.79E-010, 
 33.70,   2.08E-009, 
 33.80,   4.05E-009, 
 33.90,   7.82E-009, 
 34.00,   1.52E-008, 
 34.10,   2.83E-008, 
 34.20,   5.40E-008, 
 34.30,   1.13E-007, 
 34.40,   2.67E-007, 
 34.50,   1.00E-006, 
 34.60,   2.67E-006, 
 34.70,   3.41E-006, 
 34.80,   3.88E-006, 
 34.90,   3.89E-006, 
 35.00,   3.70E-006, 
 35.10,   2.00E-006, 
 35.20,   1.78E-007, 
 35.30,   7.03E-008, 
 35.40,   1.57E-007, 
 35.50,   6.47E-007, 
 35.60,   1.99E-006, 
 35.70,   2.62E-006, 
 35.80,   2.88E-006, 
 35.90,   3.01E-006, 
 36.00,   2.85E-006, 
 36.10,   1.63E-006, 
 36.20,   1.65E-007, 
 36.30,   4.41E-008, 
 36.40,   7.54E-008, 
 36.50,   3.01E-007, 
 36.60,   8.16E-007, 
 36.70,   1.05E-006, 
 36.80,   1.23E-006, 
 36.90,   1.22E-006, 
 37.00,   1.15E-006, 
 37.10,   6.18E-007, 
 37.20,   8.20E-008, 
 37.30,   2.76E-008, 
 37.40,   4.20E-008, 
 37.50,   1.76E-007, 
 37.60,   5.99E-007, 
 37.70,   7.99E-007, 
 37.80,   8.82E-007, 
 37.90,   9.29E-007, 
 38.00,   8.97E-007, 
 38.10,   5.25E-007, 
 38.20,   7.89E-008, 
 38.30,   1.53E-008, 
 38.40,   8.08E-009, 
 38.50,   6.92E-009, 
 38.60,   1.45E-008, 
 38.70,   3.62E-008, 
 38.80,   5.21E-008, 
 38.90,   6.22E-008, 
 39.00,   6.28E-008, 
 39.10,   5.78E-008, 
 39.20,   2.95E-008, 
 39.30,   1.15E-008, 
 39.40,   6.57E-009, 
 39.50,   7.34E-009, 
 39.60,   1.96E-008, 
 39.70,   4.06E-008, 
 39.80,   5.36E-008, 
 39.90,   6.11E-008, 
 40.00,   6.17E-008, 
 40.10,   4.99E-008, 
 40.20,   2.43E-008, 
 40.30,   1.17E-008, 
 40.40,   9.74E-009, 
 40.50,   1.83E-008, 
 40.60,   7.70E-008, 
 40.70,   1.56E-007, 
 40.80,   1.87E-007, 
 40.90,   2.09E-007, 
 41.00,   2.27E-007, 
 41.10,   2.33E-007, 
 41.20,   1.59E-007, 
 41.30,   1.42E-007, 
 41.40,   1.55E-007, 
 41.50,   1.70E-007, 
 41.60,   1.58E-007, 
 41.70,   1.29E-007, 
 41.80,   1.46E-007, 
 41.90,   1.65E-007, 
 42.00,   1.79E-007, 
 42.10,   1.74E-007, 
 42.20,   1.09E-007, 
 42.30,   9.37E-008, 
 42.40,   1.08E-007, 
 42.50,   1.38E-007, 
 42.60,   2.43E-007, 
 42.70,   3.44E-007, 
 42.80,   3.99E-007, 
 42.90,   4.66E-007, 
 43.00,   4.66E-007, 
 43.10,   3.94E-007, 
 43.20,   1.34E-007, 
 43.30,   3.17E-008, 
 43.40,   2.67E-008, 
 43.50,   4.10E-008, 
 43.60,   1.42E-007, 
 43.70,   2.26E-007, 
 43.80,   2.60E-007, 
 43.90,   2.83E-007, 
 44.00,   2.85E-007, 
 44.10,   2.02E-007, 
 44.20,   5.41E-008, 
 44.30,   1.36E-008, 
 44.40,   7.28E-009, 
 44.50,   6.11E-009, 
 44.60,   1.15E-008, 
 44.70,   2.94E-008, 
 44.80,   4.42E-008, 
 44.90,   5.47E-008, 
 45.00,   5.76E-008, 
 45.10,   5.45E-008, 
 45.20,   2.94E-008, 
 45.30,   1.21E-008, 
 45.40,   7.31E-009, 
 45.50,   7.11E-009, 
 45.60,   9.49E-009, 
 45.70,   1.64E-008, 
 45.80,   2.77E-008, 
 45.90,   4.50E-008, 
 46.00,   7.58E-008, 
 46.10,   1.20E-007, 
 46.20,   1.66E-007, 
 46.30,   2.57E-007, 
 46.40,   4.93E-007, 
 46.50,   1.34E-006, 
 46.60,   4.81E-006, 
 46.70,   6.96E-006, 
 46.80,   8.56E-006, 
 46.90,   9.01E-006, 
 47.00,   9.21E-006, 
 47.10,   4.90E-006, 
 47.20,   4.72E-007, 
 47.30,   1.14E-007, 
 47.40,   1.95E-007, 
 47.50,   5.31E-007, 
 47.60,   2.05E-006, 
 47.70,   2.99E-006, 
 47.80,   3.73E-006, 
 47.90,   3.94E-006, 
 48.00,   4.02E-006, 
 48.10,   2.15E-006, 
 48.20,   2.70E-007, 
 48.30,   8.59E-008, 
 48.40,   1.47E-007, 
 48.50,   4.08E-007, 
 48.60,   1.57E-006, 
 48.70,   2.27E-006, 
 48.80,   2.89E-006, 
 48.90,   2.98E-006, 
 49.00,   3.04E-006, 
 49.10,   1.50E-006, 
 49.20,   1.80E-007, 
 49.30,   4.06E-008, 
 49.40,   5.57E-008, 
 49.50,   1.54E-007, 
 49.60,   6.33E-007, 
 49.70,   9.53E-007, 
 49.80,   1.22E-006, 
 49.90,   1.26E-006, 
 50.00,   1.28E-006, 
 50.10,   6.37E-007, 
 50.20,   9.79E-008, 
 50.30,   1.67E-008, 
 50.40,   8.22E-009, 
 50.50,   6.14E-009, 
 50.60,   1.01E-008, 
 50.70,   1.96E-008, 
 50.80,   2.83E-008, 
 50.90,   3.38E-008, 
 51.00,   3.53E-008, 
 51.10,   2.81E-008, 
 51.20,   1.40E-008, 
 51.30,   6.22E-009, 
 51.40,   3.46E-009, 
 51.50,   2.39E-009, 
 51.60,   3.01E-009, 
 51.70,   5.65E-009, 
 51.80,   8.38E-009, 
 51.90,   1.07E-008, 
 52.00,   1.20E-008, 
 52.10,   1.11E-008, 
 52.20,   6.76E-009, 
 52.30,   3.40E-009, 
 52.40,   1.77E-009, 
 52.50,   1.13E-009, 
 52.60,   1.09E-009, 
 52.70,   2.00E-009, 
 52.80,   3.22E-009, 
 52.90,   4.55E-009, 
 53.00,   5.53E-009, 
 53.10,   5.59E-009, 
 53.20,   4.17E-009, 
 53.30,   2.40E-009, 
 53.40,   1.38E-009, 
 53.50,   9.32E-010, 
 53.60,   9.34E-010, 
 53.70,   2.07E-009, 
 53.80,   3.70E-009, 
 53.90,   5.43E-009, 
 54.00,   6.51E-009, 
 54.10,   7.17E-009, 
 54.20,   5.74E-009, 
 54.30,   3.38E-009, 
 54.40,   2.10E-009, 
 54.50,   1.94E-009, 
 54.60,   3.01E-009, 
 54.70,   9.72E-009, 
 54.80,   1.99E-008, 
 54.90,   2.96E-008, 
 55.00,   3.32E-008, 
 55.10,   3.40E-008, 
 55.20,   2.33E-008, 
 55.30,   1.13E-008, 
 55.40,   6.29E-009, 
 55.50,   5.55E-009, 
 55.60,   8.72E-009, 
 55.70,   3.28E-008, 
 55.80,   6.74E-008, 
 55.90,   9.38E-008, 
 56.00,   9.57E-008, 
 56.10,   9.53E-008, 
 56.20,   5.23E-008, 
 56.30,   1.82E-008, 
 56.40,   7.28E-009, 
 56.50,   3.86E-009, 
 56.60,   2.71E-009, 
 56.70,   3.28E-009, 
 56.80,   4.65E-009, 
 56.90,   6.24E-009, 
 57.00,   7.42E-009, 
 57.10,   8.11E-009, 
 57.20,   6.63E-009, 
 57.30,   4.27E-009, 
 57.40,   3.12E-009, 
 57.50,   3.22E-009, 
 57.60,   6.70E-009, 
 57.70,   2.61E-008, 
 57.80,   4.93E-008, 
 57.90,   7.07E-008, 
 58.00,   7.45E-008, 
 58.10,   7.73E-008, 
 58.20,   4.60E-008, 
 58.30,   2.71E-008, 
 58.40,   2.24E-008, 
 58.50,   2.14E-008, 
 58.60,   1.55E-008, 
 58.70,   9.02E-009, 
 58.80,   6.47E-009, 
 58.90,   6.19E-009, 
 59.00,   6.95E-009, 
 59.10,   1.12E-008, 
 59.20,   1.51E-008, 
 59.30,   1.87E-008, 
 59.40,   2.00E-008, 
 59.50,   2.02E-008, 
 59.60,   1.51E-008, 
 59.70,   9.99E-009, 
 59.80,   8.08E-009, 
 59.90,   8.04E-009, 
 60.00,   8.40E-009, 
 60.10,   8.78E-009, 
 60.20,   7.91E-009, 
 60.30,   7.31E-009, 
 60.40,   7.20E-009, 
 60.50,   7.53E-009, 
 60.60,   7.65E-009, 
 60.70,   9.85E-009, 
 60.80,   1.33E-008, 
 60.90,   1.75E-008, 
 61.00,   1.92E-008, 
 61.10,   1.76E-008, 
 61.20,   1.12E-008, 
 61.30,   5.73E-009, 
 61.40,   3.24E-009, 
 61.50,   2.13E-009, 
 61.60,   1.80E-009, 
 61.70,   2.11E-009, 
 61.80,   2.70E-009, 
 61.90,   3.39E-009, 
 62.00,   3.99E-009, 
 62.10,   3.72E-009, 
 62.20,   2.57E-009, 
 62.30,   1.56E-009, 
 62.40,   1.12E-009, 
 62.50,   1.33E-009, 
 62.60,   3.72E-009, 
 62.70,   8.72E-009, 
 62.80,   1.45E-008, 
 62.90,   1.85E-008, 
 63.00,   2.01E-008, 
 63.10,   1.50E-008, 
 63.20,   7.80E-009, 
 63.30,   3.63E-009, 
 63.40,   1.87E-009, 
 63.50,   1.15E-009, 
 63.60,   1.10E-009, 
 63.70,   1.86E-009, 
 63.80,   2.78E-009, 
 63.90,   3.74E-009, 
 64.00,   4.35E-009, 
 64.10,   3.99E-009, 
 64.20,   2.84E-009, 
 64.30,   1.91E-009, 
 64.40,   1.35E-009, 
 64.50,   1.17E-009, 
 64.60,   1.69E-009, 
 64.70,   2.83E-009, 
 64.80,   4.31E-009, 
 64.90,   5.72E-009, 
 65.00,   6.59E-009, 
 65.10,   5.67E-009, 
 65.20,   3.50E-009, 
 65.30,   2.00E-009, 
 65.40,   1.18E-009, 
 65.50,   8.79E-010, 
 65.60,   8.29E-010, 
 65.70,   8.21E-010, 
 65.80,   9.93E-010, 
 65.90,   1.27E-009, 
 66.00,   1.50E-009, 
 66.10,   1.36E-009, 
 66.20,   8.46E-010, 
 66.30,   4.70E-010, 
 66.40,   1.63E-010, 
 66.50,   4.88E-011, 
 66.60,   1.81E-010, 
 66.70,   7.96E-010, 
 66.80,   1.58E-009, 
 66.90,   2.62E-009, 
 67.00,   3.35E-009, 
 67.10,   3.62E-009, 
 67.20,   2.84E-009, 
 67.30,   1.67E-009, 
 67.40,   8.14E-010, 
 67.50,   4.79E-010, 
 67.60,   4.00E-010, 
 67.70,   5.93E-010, 
 67.80,   9.54E-010, 
 67.90,   1.48E-009, 
 68.00,   1.84E-009, 
 68.10,   2.04E-009, 
 68.20,   1.70E-009, 
 68.30,   1.12E-009, 
 68.40,   7.04E-010, 
 68.50,   7.66E-010, 
 68.60,   1.27E-009, 
 68.70,   3.75E-009, 
 68.80,   9.33E-009, 
 68.90,   1.57E-008, 
 69.00,   2.07E-008, 
 69.10,   2.25E-008, 
 69.20,   1.75E-008, 
 69.30,   1.10E-008, 
 69.40,   8.30E-009, 
 69.50,   1.26E-008, 
 69.60,   4.81E-008, 
 69.70,   9.92E-008, 
 69.80,   1.41E-007, 
 69.90,   1.54E-007, 
 70.00,   1.24E-007, 
 70.10,   6.04E-008, 
 70.20,   1.96E-008, 
 70.30,   8.22E-009, 
 70.40,   4.21E-009, 
 70.50,   2.64E-009, 
 70.60,   2.08E-009, 
 70.70,   2.38E-009, 
 70.80,   2.91E-009, 
 70.90,   3.42E-009, 
 71.00,   3.89E-009, 
 71.10,   3.62E-009, 
 71.20,   2.92E-009, 
 71.30,   2.49E-009, 
 71.40,   2.94E-009, 
 71.50,   5.96E-009, 
 71.60,   2.30E-008, 
 71.70,   5.19E-008, 
 71.80,   8.03E-008, 
 71.90,   9.04E-008, 
 72.00,   7.58E-008, 
 72.10,   3.81E-008, 
 72.20,   1.38E-008, 
 72.30,   6.02E-009, 
 72.40,   3.24E-009, 
 72.50,   2.05E-009, 
 72.60,   1.60E-009, 
 72.70,   1.99E-009, 
 72.80,   3.06E-009, 
 72.90,   4.21E-009, 
 73.00,   5.04E-009, 
 73.10,   4.74E-009, 
 73.20,   3.35E-009, 
 73.30,   2.03E-009, 
 73.40,   1.38E-009, 
 73.50,   1.35E-009, 
 73.60,   2.99E-009, 
 73.70,   5.95E-009, 
 73.80,   9.90E-009, 
 73.90,   1.29E-008, 
 74.00,   1.34E-008, 
 74.10,   9.42E-009, 
 74.20,   4.87E-009, 
 74.30,   2.42E-009, 
 74.40,   1.28E-009, 
 74.50,   6.62E-010, 
 74.60,   4.46E-010, 
 74.70,   4.09E-010, 
 74.80,   5.31E-010, 
 74.90,   6.92E-010, 
 75.00,   7.22E-010, 
 75.10,   7.29E-010, 
 75.20,   4.48E-010, 
 75.30,   2.29E-010, 
 75.40,   1.02E-010, 
 75.50,   3.15E-011, 
 75.60,  -1.54E-011, 
 75.70,   1.58E-010, 
 75.80,   3.56E-010, 
 75.90,   6.45E-010, 
 76.00,   8.03E-010, 
 76.10,   7.36E-010, 
 76.20,   5.04E-010, 
 76.30,   1.16E-010, 
 76.40,   7.07E-012, 
 76.50,  -9.90E-011, 
 76.60,  -1.44E-010, 
 76.70,   3.02E-011, 
 76.80,   3.56E-010, 
 76.90,   6.95E-010, 
 77.00,   8.97E-010, 
 77.10,   1.04E-009, 
 77.20,   7.75E-010, 
 77.30,   3.88E-010, 
 77.40,   7.26E-011, 
 77.50,  -4.69E-011, 
 77.60,  -3.66E-011, 
 77.70,   1.29E-011, 
 77.80,   1.21E-010, 
 77.90,   3.14E-010, 
 78.00,   5.08E-010, 
 78.10,   5.46E-010, 
 78.20,   3.80E-010, 
 78.30,   1.37E-010, 
 78.40,   2.06E-011, 
 78.50,   6.43E-013, 
 78.60,  -9.25E-011, 
 78.70,  -2.89E-011, 
 78.80,   1.50E-010, 
 78.90,   3.08E-010, 
 79.00,   5.65E-010, 
 79.10,   6.40E-010, 
 79.20,   5.31E-010, 
 79.30,   2.95E-010, 
 79.40,   4.31E-011, 
 79.50,   3.53E-011, 
 79.60,   4.82E-011, 
 79.70,   5.46E-011, 
 79.80,   1.84E-010, 
 79.90,   3.43E-010, 
 80.00,   5.05E-010, 
